0.03425 0.045 0.045 2 4 4
0.034252 0.044997 0.044997 2 4 4
0.034254 0.044991 0.044991 2 4 4
0.03426 0.04498 0.04498 2 4 4
0.034271 0.044956 0.044956 2 4 4
0.034292 0.04491 0.04491 2 4 4
0.034336 0.044817 0.044817 2 4 4
0.034402 0.044678 0.044678 2 4 4
0.034471 0.044534 0.044534 2 4 4
0.034541 0.04439 0.04439 2 4 4
0.034611 0.044247 0.044247 2 4 4
0.034682 0.044104 0.044104 2 4 4
0.034753 0.043961 0.043961 2 4 4
0.034825 0.043819 0.043819 2 4 4
0.034897 0.043678 0.043678 2 4 4
0.034969 0.043537 0.043537 2 4 4
0.035042 0.043397 0.043397 2 4 4
0.035116 0.043257 0.043257 2 4 4
0.03519 0.043118 0.043118 2 4 4
0.035264 0.042979 0.042979 2 4 4
0.035339 0.042841 0.042841 2 4 4
0.035415 0.042704 0.042704 2 4 4
0.03549 0.042567 0.042567 2 4 4
0.035566 0.04243 0.04243 2 4 4
0.035643 0.042295 0.042295 2 4 4
0.03572 0.04216 0.04216 2 4 4
0.035797 0.042025 0.042025 2 4 4
0.035875 0.041891 0.041891 2 4 4
0.035953 0.041758 0.041758 2 4 4
0.036032 0.041625 0.041625 2 4 4
0.036111 0.041494 0.041494 2 4 4
0.03619 0.041362 0.041362 2 4 4
0.036269 0.041232 0.041232 2 4 4
0.036349 0.041102 0.041102 2 4 4
0.03643 0.040973 0.040973 2 4 4
0.03651 0.040844 0.040844 2 4 4
0.036591 0.040716 0.040716 2 4 4
0.036672 0.040589 0.040589 2 4 4
0.036754 0.040462 0.040462 2 4 4
0.036836 0.040336 0.040336 2 4 4
0.036918 0.040211 0.040211 2 4 4
0.037 0.040087 0.040087 2 4 4
0.037083 0.039963 0.039963 2 4 4
0.037166 0.03984 0.03984 2 4 4
0.037249 0.039718 0.039718 2 4 4
0.037332 0.039596 0.039596 2 4 4
0.037416 0.039475 0.039475 2 4 4
0.0375 0.039355 0.039355 2 4 4
0.037584 0.039236 0.039236 2 4 4
0.037668 0.039117 0.039117 2 4 4
0.037753 0.038999 0.038999 2 4 4
0.037837 0.038882 0.038882 2 4 4
0.037922 0.038765 0.038765 2 4 4
0.038007 0.038649 0.038649 2 4 4
0.038092 0.038534 0.038534 2 4 4
0.038178 0.03842 0.03842 2 4 4
0.038263 0.038306 0.038306 2 4 4
0.038349 0.038193 0.038193 2 4 4
0.038435 0.038081 0.038081 2 4 4
0.038521 0.03797 0.03797 2 4 4
0.038607 0.037859 0.037859 2 4 4
0.038693 0.037749 0.037749 2 4 4
0.038779 0.037639 0.037639 2 4 4
0.038865 0.037531 0.037531 2 4 4
0.038952 0.037423 0.037423 2 4 4
0.039038 0.037316 0.037316 2 4 4
0.039124 0.037209 0.037209 2 4 4
0.039211 0.037103 0.037103 2 4 4
0.039298 0.036998 0.036998 2 4 4
0.039384 0.036894 0.036894 2 4 4
0.039471 0.03679 0.03679 2 4 4
0.039558 0.036688 0.036688 2 4 4
0.039644 0.036585 0.036585 2 4 4
0.039731 0.036484 0.036484 2 4 4
0.039817 0.036383 0.036383 2 4 4
0.039904 0.036283 0.036283 2 4 4
0.039991 0.036183 0.036183 2 4 4
0.040077 0.036085 0.036085 2 4 4
0.040164 0.035987 0.035987 2 4 4
0.04025 0.035889 0.035889 2 4 4
0.040337 0.035792 0.035792 2 4 4
0.040423 0.035696 0.035696 2 4 4
0.040509 0.035601 0.035601 2 4 4
0.040595 0.035506 0.035506 2 4 4
0.040682 0.035412 0.035412 2 4 4
0.040767 0.035319 0.035319 2 4 4
0.040853 0.035226 0.035226 2 4 4
0.040939 0.035134 0.035134 2 4 4
0.041025 0.035043 0.035043 2 4 4
0.04111 0.034952 0.034952 2 4 4
0.041195 0.034862 0.034862 2 4 4
0.04128 0.034772 0.034772 2 4 4
0.041365 0.034683 0.034683 2 4 4
0.04145 0.034595 0.034595 2 4 4
0.041535 0.034507 0.034507 2 4 4
0.041619 0.03442 0.03442 2 4 4
0.041704 0.034334 0.034334 2 4 4
0.041788 0.034248 0.034248 2 4 4
0.041872 0.034163 0.034163 2 4 4
0.041955 0.034078 0.034078 2 4 4
0.042039 0.033994 0.033994 2 4 4
0.042122 0.033911 0.033911 2 4 4
0.042205 0.033828 0.033828 2 4 4
0.042287 0.033745 0.033745 2 4 4
0.04237 0.033663 0.033663 2 4 4
0.042452 0.033582 0.033582 2 4 4
0.042534 0.033502 0.033502 2 4 4
0.042616 0.033422 0.033422 2 4 4
0.042697 0.033342 0.033342 2 4 4
0.042778 0.033263 0.033263 2 4 4
0.042859 0.033185 0.033185 2 4 4
0.042939 0.033107 0.033107 2 4 4
0.043019 0.033029 0.033029 2 4 4
0.043099 0.032952 0.032952 2 4 4
0.043179 0.032876 0.032876 2 4 4
0.043258 0.0328 0.0328 2 4 4
0.043337 0.032725 0.032725 2 4 4
0.043415 0.03265 0.03265 2 4 4
0.043493 0.032576 0.032576 2 4 4
0.043571 0.032502 0.032502 2 4 4
0.043648 0.032428 0.032428 2 4 4
0.043725 0.032356 0.032356 2 4 4
0.043802 0.032283 0.032283 2 4 4
0.043878 0.032211 0.032211 2 4 4
0.043954 0.03214 0.03214 2 4 4
0.04403 0.032068 0.032068 2 4 4
0.044105 0.031998 0.031998 2 4 4
0.044179 0.031928 0.031928 2 4 4
0.044254 0.031858 0.031858 2 4 4
0.044328 0.031789 0.031789 2 4 4
0.044401 0.03172 0.03172 2 4 4
0.044474 0.031651 0.031651 2 4 4
0.044547 0.031583 0.031583 2 4 4
0.044619 0.031516 0.031516 2 4 4
0.044691 0.031448 0.031448 2 4 4
0.044762 0.031382 0.031382 2 4 4
0.044833 0.031315 0.031315 2 4 4
0.044903 0.031249 0.031249 2 4 4
0.044973 0.031183 0.031183 2 4 4
0.045042 0.031118 0.031118 2 4 4
0.045111 0.031053 0.031053 2 4 4
0.04518 0.030989 0.030989 2 4 4
0.045248 0.030925 0.030925 2 4 4
0.045315 0.030861 0.030861 2 4 4
0.045382 0.030797 0.030797 2 4 4
0.045449 0.030734 0.030734 2 4 4
0.045515 0.030671 0.030671 2 4 4
0.045581 0.030609 0.030609 2 4 4
0.045646 0.030547 0.030547 2 4 4
0.04571 0.030485 0.030485 2 4 4
0.045774 0.030423 0.030423 2 4 4
0.045838 0.030362 0.030362 2 4 4
0.045901 0.030301 0.030301 2 4 4
0.045963 0.030241 0.030241 2 4 4
0.046025 0.03018 0.03018 2 4 4
0.046087 0.03012 0.03012 2 4 4
0.046148 0.030061 0.030061 2 4 4
0.046208 0.030001 0.030001 2 4 4
0.046268 0.029942 0.029942 2 4 4
0.046328 0.029883 0.029883 2 4 4
0.046386 0.029825 0.029825 2 4 4
0.046445 0.029766 0.029766 2 4 4
0.046503 0.029708 0.029708 2 4 4
0.04656 0.02965 0.02965 2 4 4
0.046616 0.029593 0.029593 2 4 4
0.046673 0.029535 0.029535 2 4 4
0.046728 0.029478 0.029478 2 4 4
0.046783 0.029421 0.029421 2 4 4
0.046838 0.029365 0.029365 2 4 4
0.046892 0.029309 0.029309 2 4 4
0.046945 0.029252 0.029252 2 4 4
0.046998 0.029196 0.029196 2 4 4
0.04705 0.029141 0.029141 2 4 4
0.047102 0.029085 0.029085 2 4 4
0.047153 0.02903 0.02903 2 4 4
0.047204 0.028975 0.028975 2 4 4
0.047253 0.02892 0.02892 2 4 4
0.047303 0.028865 0.028865 2 4 4
0.047352 0.02881 0.02881 2 4 4
0.0474 0.028756 0.028756 2 4 4
0.047448 0.028702 0.028702 2 4 4
0.047495 0.028648 0.028648 2 4 4
0.047542 0.028594 0.028594 2 4 4
0.047588 0.02854 0.02854 2 4 4
0.047634 0.028487 0.028487 2 4 4
0.047678 0.028433 0.028433 2 4 4
0.047723 0.02838 0.02838 2 4 4
0.047767 0.028327 0.028327 2 4 4
0.04781 0.028274 0.028274 2 4 4
0.047853 0.028221 0.028221 2 4 4
0.047895 0.028169 0.028169 2 4 4
0.047937 0.028116 0.028116 2 4 4
0.047978 0.028064 0.028064 2 4 4
0.048018 0.028012 0.028012 2 4 4
0.048058 0.02796 0.02796 2 4 4
0.048098 0.027908 0.027908 2 4 4
0.048136 0.027856 0.027856 2 4 4
0.048175 0.027804 0.027804 2 4 4
0.048212 0.027752 0.027752 2 4 4
0.048249 0.027701 0.027701 2 4 4
0.048286 0.027649 0.027649 2 4 4
0.048322 0.027598 0.027598 2 4 4
0.048357 0.027547 0.027547 2 4 4
0.048392 0.027495 0.027495 2 4 4
0.048427 0.027444 0.027444 2 4 4
0.048461 0.027393 0.027393 2 4 4
0.048494 0.027342 0.027342 2 4 4
0.048527 0.027291 0.027291 2 4 4
0.048559 0.02724 0.02724 2 4 4
0.048591 0.02719 0.02719 2 4 4
0.048622 0.027139 0.027139 2 4 4
0.048652 0.027088 0.027088 2 4 4
0.048682 0.027038 0.027038 2 4 4
0.048712 0.026987 0.026987 2 4 4
0.048741 0.026936 0.026936 2 4 4
0.048769 0.026886 0.026886 2 4 4
0.048797 0.026836 0.026836 2 4 4
0.048825 0.026785 0.026785 2 4 4
0.048852 0.026735 0.026735 2 4 4
0.048878 0.026684 0.026684 2 4 4
0.048904 0.026634 0.026634 2 4 4
0.048929 0.026583 0.026583 2 4 4
0.048954 0.026533 0.026533 2 4 4
0.048978 0.026482 0.026482 2 4 4
0.049002 0.026432 0.026432 2 4 4
0.049025 0.026381 0.026381 2 4 4
0.049048 0.026331 0.026331 2 4 4
0.04907 0.02628 0.02628 2 4 4
0.049092 0.02623 0.02623 2 4 4
0.049113 0.026179 0.026179 2 4 4
0.049134 0.026128 0.026128 2 4 4
0.049154 0.026077 0.026077 2 4 4
0.049174 0.026026 0.026026 2 4 4
0.049194 0.025975 0.025975 2 4 4
0.049212 0.025924 0.025924 2 4 4
0.049231 0.025873 0.025873 2 4 4
0.049249 0.025821 0.025821 2 4 4
0.049266 0.02577 0.02577 2 4 4
0.049283 0.025718 0.025718 2 4 4
0.0493 0.025666 0.025666 2 4 4
0.049316 0.025614 0.025614 2 4 4
0.049331 0.025562 0.025562 2 4 4
0.049347 0.025509 0.025509 2 4 4
0.049361 0.025457 0.025457 2 4 4
0.049376 0.025405 0.025405 2 4 4
0.04939 0.025353 0.025353 2 4 4
0.049403 0.025302 0.025302 2 4 4
0.049416 0.025253 0.025253 2 4 4
0.049427 0.025208 0.025208 2 4 4
0.049438 0.025168 0.025168 2 4 4
0.049447 0.025136 0.025136 2 4 4
0.049455 0.025109 0.025109 2 4 4
0.049462 0.025088 0.025088 2 4 4
0.049468 0.025068 0.025068 2 4 4
0.049475 0.025047 0.025047 2 4 4
0.049482 0.02502 0.02502 2 4 4
0.049489 0.024983 0.024983 2 4 4
0.049496 0.02494 0.02494 2 4 4
0.049503 0.024897 0.024897 2 4 4
0.049508 0.024854 0.024854 2 4 4
0.049513 0.024811 0.024811 2 4 4
0.049517 0.024769 0.024769 2 4 4
0.049521 0.024727 0.024727 2 4 4
0.049524 0.024685 0.024685 2 4 4
0.049527 0.024644 0.024644 2 4 4
0.049529 0.024602 0.024602 2 4 4
0.049532 0.024561 0.024561 2 4 4
0.049533 0.02452 0.02452 2 4 4
0.049535 0.024478 0.024478 2 4 4
0.049536 0.024437 0.024437 2 4 4
0.049537 0.024396 0.024396 2 4 4
0.049537 0.024354 0.024354 2 4 4
0.049537 0.024313 0.024313 2 4 4
0.049537 0.024272 0.024272 2 4 4
0.049537 0.02423 0.02423 2 4 4
0.049536 0.024189 0.024189 2 4 4
0.049535 0.024147 0.024147 2 4 4
0.049534 0.024106 0.024106 2 4 4
0.049532 0.024064 0.024064 2 4 4
0.04953 0.024022 0.024022 2 4 4
0.049527 0.023981 0.023981 2 4 4
0.049525 0.023939 0.023939 2 4 4
0.049522 0.023897 0.023897 2 4 4
0.049519 0.023855 0.023855 2 4 4
0.049515 0.023813 0.023813 2 4 4
0.049511 0.023772 0.023772 2 4 4
0.049507 0.02373 0.02373 2 4 4
0.049503 0.023687 0.023687 2 4 4
0.049498 0.023645 0.023645 2 4 4
0.049493 0.023603 0.023603 2 4 4
0.049487 0.023561 0.023561 2 4 4
0.049482 0.023519 0.023519 2 4 4
0.049476 0.023476 0.023476 2 4 4
0.04947 0.023434 0.023434 2 4 4
0.049463 0.023391 0.023391 2 4 4
0.049456 0.023349 0.023349 2 4 4
0.049449 0.023307 0.023307 2 4 4
0.049442 0.023264 0.023264 2 4 4
0.049434 0.023221 0.023221 2 4 4
0.049426 0.023179 0.023179 2 4 4
0.049418 0.023136 0.023136 2 4 4
0.049409 0.023093 0.023093 2 4 4
0.0494 0.02305 0.02305 2 4 4
0.049391 0.023007 0.023007 2 4 4
0.049382 0.022964 0.022964 2 4 4
0.049372 0.022921 0.022921 2 4 4
0.049362 0.022878 0.022878 2 4 4
0.049351 0.022835 0.022835 2 4 4
0.049341 0.022791 0.022791 2 4 4
0.04933 0.022748 0.022748 2 4 4
0.049319 0.022705 0.022705 2 4 4
0.049307 0.022661 0.022661 2 4 4
0.049295 0.022618 0.022618 2 4 4
0.049283 0.022575 0.022575 2 4 4
0.049271 0.022531 0.022531 2 4 4
0.049258 0.022487 0.022487 2 4 4
0.049245 0.022444 0.022444 2 4 4
0.049232 0.0224 0.0224 2 4 4
0.049219 0.022356 0.022356 2 4 4
0.049205 0.022312 0.022312 2 4 4
0.049191 0.022269 0.022269 2 4 4
0.049177 0.022225 0.022225 2 4 4
0.049162 0.022181 0.022181 2 4 4
0.049147 0.022137 0.022137 2 4 4
0.049132 0.022093 0.022093 2 4 4
0.049117 0.022049 0.022049 2 4 4
0.049101 0.022005 0.022005 2 4 4
0.049085 0.02196 0.02196 2 4 4
0.049069 0.021916 0.021916 2 4 4
0.049052 0.021872 0.021872 2 4 4
0.049035 0.021828 0.021828 2 4 4
0.049018 0.021783 0.021783 2 4 4
0.049001 0.021739 0.021739 2 4 4
0.048983 0.021694 0.021694 2 4 4
0.048966 0.02165 0.02165 2 4 4
0.048947 0.021605 0.021605 2 4 4
0.048929 0.021561 0.021561 2 4 4
0.04891 0.021516 0.021516 2 4 4
0.048891 0.021472 0.021472 2 4 4
0.048872 0.021427 0.021427 2 4 4
0.048853 0.021382 0.021382 2 4 4
0.048833 0.021338 0.021338 2 4 4
0.048813 0.021293 0.021293 2 4 4
0.048793 0.021248 0.021248 2 4 4
0.048773 0.021203 0.021203 2 4 4
0.048752 0.021159 0.021159 2 4 4
0.048731 0.021114 0.021114 2 4 4
0.04871 0.021069 0.021069 2 4 4
0.048688 0.021024 0.021024 2 4 4
0.048666 0.020979 0.020979 2 4 4
0.048644 0.020934 0.020934 2 4 4
0.048622 0.020889 0.020889 2 4 4
0.0486 0.020844 0.020844 2 4 4
0.048577 0.020799 0.020799 2 4 4
0.048554 0.020754 0.020754 2 4 4
0.048531 0.020709 0.020709 2 4 4
0.048507 0.020663 0.020663 2 4 4
0.048484 0.020618 0.020618 2 4 4
0.04846 0.020573 0.020573 2 4 4
0.048436 0.020528 0.020528 2 4 4
0.048411 0.020483 0.020483 2 4 4
0.048387 0.020437 0.020437 2 4 4
0.048362 0.020392 0.020392 2 4 4
0.048337 0.020347 0.020347 2 4 4
0.048311 0.020302 0.020302 2 4 4
0.048286 0.020256 0.020256 2 4 4
0.04826 0.020211 0.020211 2 4 4
0.048234 0.020166 0.020166 2 4 4
0.048208 0.020121 0.020121 2 4 4
0.048182 0.020075 0.020075 2 4 4
0.048155 0.02003 0.02003 2 4 4
0.048128 0.019985 0.019985 2 4 4
0.048101 0.019939 0.019939 2 4 4
0.048074 0.019894 0.019894 2 4 4
0.048046 0.019849 0.019849 2 4 4
0.048019 0.019804 0.019804 2 4 4
0.047991 0.019758 0.019758 2 4 4
0.047963 0.019713 0.019713 2 4 4
0.047934 0.019668 0.019668 2 4 4
0.047906 0.019622 0.019622 2 4 4
0.047877 0.019577 0.019577 2 4 4
0.047848 0.019532 0.019532 2 4 4
0.047819 0.019487 0.019487 2 4 4
0.04779 0.019441 0.019441 2 4 4
0.047761 0.019396 0.019396 2 4 4
0.047731 0.019351 0.019351 2 4 4
0.047701 0.019306 0.019306 2 4 4
0.047671 0.01926 0.01926 2 4 4
0.047641 0.019215 0.019215 2 4 4
0.047611 0.01917 0.01917 2 4 4
0.04758 0.019125 0.019125 2 4 4
0.047549 0.01908 0.01908 2 4 4
0.047518 0.019035 0.019035 2 4 4
0.047487 0.01899 0.01899 2 4 4
0.047456 0.018945 0.018945 2 4 4
0.047425 0.0189 0.0189 2 4 4
0.047393 0.018855 0.018855 2 4 4
0.047361 0.01881 0.01881 2 4 4
0.047329 0.018765 0.018765 2 4 4
0.047297 0.01872 0.01872 2 4 4
0.047265 0.018676 0.018676 2 4 4
0.047233 0.018631 0.018631 2 4 4
0.0472 0.018586 0.018586 2 4 4
0.047168 0.018541 0.018541 2 4 4
0.047135 0.018497 0.018497 2 4 4
0.047102 0.018452 0.018452 2 4 4
0.047069 0.018408 0.018408 2 4 4
0.047036 0.018363 0.018363 2 4 4
0.047002 0.018319 0.018319 2 4 4
0.046969 0.018274 0.018274 2 4 4
0.046935 0.01823 0.01823 2 4 4
0.046902 0.018186 0.018186 2 4 4
0.046868 0.018142 0.018142 2 4 4
0.046834 0.018097 0.018097 2 4 4
0.0468 0.018053 0.018053 2 4 4
0.046765 0.018009 0.018009 2 4 4
0.046731 0.017965 0.017965 2 4 4
0.046697 0.017921 0.017921 2 4 4
0.046662 0.017877 0.017877 2 4 4
0.046627 0.017834 0.017834 2 4 4
0.046593 0.01779 0.01779 2 4 4
0.046558 0.017746 0.017746 2 4 4
0.046523 0.017703 0.017703 2 4 4
0.046488 0.017659 0.017659 2 4 4
0.046452 0.017616 0.017616 2 4 4
0.046417 0.017573 0.017573 2 4 4
0.046382 0.017529 0.017529 2 4 4
0.046346 0.017486 0.017486 2 4 4
0.046311 0.017443 0.017443 2 4 4
0.046275 0.0174 0.0174 2 4 4
0.04624 0.017358 0.017358 2 4 4
0.046204 0.017315 0.017315 2 4 4
0.046168 0.017272 0.017272 2 4 4
0.046132 0.01723 0.01723 2 4 4
0.046096 0.017187 0.017187 2 4 4
0.04606 0.017145 0.017145 2 4 4
0.046024 0.017103 0.017103 2 4 4
0.045988 0.017061 0.017061 2 4 4
0.045952 0.017019 0.017019 2 4 4
0.045916 0.016977 0.016977 2 4 4
0.045879 0.016935 0.016935 2 4 4
0.045843 0.016893 0.016893 2 4 4
0.045807 0.016852 0.016852 2 4 4
0.045771 0.016811 0.016811 2 4 4
0.045734 0.016769 0.016769 2 4 4
0.045698 0.016728 0.016728 2 4 4
0.045661 0.016687 0.016687 2 4 4
0.045625 0.016647 0.016647 2 4 4
0.045589 0.016606 0.016606 2 4 4
0.045552 0.016566 0.016566 2 4 4
0.045516 0.016525 0.016525 2 4 4
0.045479 0.016485 0.016485 2 4 4
0.045443 0.016445 0.016445 2 4 4
0.045407 0.016405 0.016405 2 4 4
0.04537 0.016366 0.016366 2 4 4
0.045334 0.016326 0.016326 2 4 4
0.045297 0.016287 0.016287 2 4 4
0.045261 0.016248 0.016248 2 4 4
0.045225 0.016209 0.016209 2 4 4
0.045189 0.016171 0.016171 2 4 4
0.045153 0.016132 0.016132 2 4 4
0.045117 0.016094 0.016094 2 4 4
0.045081 0.016056 0.016056 2 4 4
0.045045 0.016019 0.016019 2 4 4
0.045009 0.015981 0.015981 2 4 4
0.044973 0.015944 0.015944 2 4 4
0.044938 0.015908 0.015908 2 4 4
0.044902 0.015871 0.015871 2 4 4
0.044867 0.015835 0.015835 2 4 4
0.044832 0.015799 0.015799 2 4 4
0.044797 0.015763 0.015763 2 4 4
0.044762 0.015728 0.015728 2 4 4
0.044727 0.015693 0.015693 2 4 4
0.044693 0.015659 0.015659 2 4 4
0.044659 0.015625 0.015625 2 4 4
0.044625 0.015591 0.015591 2 4 4
0.044591 0.015558 0.015558 2 4 4
0.044558 0.015526 0.015526 2 4 4
0.044525 0.015494 0.015494 2 4 4
0.044492 0.015462 0.015462 2 4 4
0.044459 0.015431 0.015431 2 4 4
0.044427 0.015401 0.015401 2 4 4
0.044396 0.015371 0.015371 2 4 4
0.044364 0.015342 0.015342 2 4 4
0.044333 0.015313 0.015313 2 4 4
0.044303 0.015285 0.015285 2 4 4
0.044273 0.015258 0.015258 2 4 4
0.044244 0.015232 0.015232 2 4 4
0.044215 0.015206 0.015206 2 4 4
0.044187 0.015181 0.015181 2 4 4
0.044159 0.015157 0.015157 2 4 4
0.044132 0.015134 0.015134 2 4 4
0.044105 0.015111 0.015111 2 4 4
0.044079 0.015089 0.015089 2 4 4
0.044053 0.015067 0.015067 2 4 4
0.044027 0.015047 0.015047 2 4 4
0.044003 0.015027 0.015027 2 4 4
0.043978 0.015007 0.015007 2 4 4
0.043954 0.014988 0.014988 2 4 4
0.04393 0.01497 0.01497 2 4 4
0.043907 0.014952 0.014952 2 4 4
0.043883 0.014934 0.014934 2 4 4
0.04386 0.014917 0.014917 2 4 4
0.043837 0.0149 0.0149 2 4 4
0.043814 0.014883 0.014883 2 4 4
0.043791 0.014866 0.014866 2 4 4
0.043769 0.01485 0.01485 2 4 4
0.043746 0.014833 0.014833 2 4 4
0.043723 0.014817 0.014817 2 4 4
0.0437 0.014801 0.014801 2 4 4
0.043677 0.014784 0.014784 2 4 4
0.043654 0.014768 0.014768 2 4 4
0.043631 0.014752 0.014752 2 4 4
0.043608 0.014735 0.014735 2 4 4
0.043584 0.014719 0.014719 2 4 4
0.043561 0.014703 0.014703 2 4 4
0.043537 0.014686 0.014686 2 4 4
0.043513 0.014669 0.014669 2 4 4
0.043489 0.014653 0.014653 2 4 4
0.043465 0.014636 0.014636 2 4 4
0.04344 0.014619 0.014619 2 4 4
0.043416 0.014602 0.014602 2 4 4
0.043391 0.014585 0.014585 2 4 4
0.043366 0.014568 0.014568 2 4 4
0.043341 0.01455 0.01455 2 4 4
0.043316 0.014533 0.014533 2 4 4
0.043291 0.014516 0.014516 2 4 4
0.043265 0.014498 0.014498 2 4 4
0.04324 0.01448 0.01448 2 4 4
0.043214 0.014463 0.014463 2 4 4
0.043188 0.014445 0.014445 2 4 4
0.043162 0.014427 0.014427 2 4 4
0.043136 0.014409 0.014409 2 4 4
0.04311 0.014391 0.014391 2 4 4
0.043084 0.014373 0.014373 2 4 4
0.043057 0.014355 0.014355 2 4 4
0.043031 0.014337 0.014337 2 4 4
0.043004 0.014318 0.014318 2 4 4
0.042978 0.0143 0.0143 2 4 4
0.042951 0.014282 0.014282 2 4 4
0.042924 0.014263 0.014263 2 4 4
0.042897 0.014245 0.014245 2 4 4
0.04287 0.014226 0.014226 2 4 4
0.042843 0.014208 0.014208 2 4 4
0.042816 0.014189 0.014189 2 4 4
0.042789 0.014171 0.014171 2 4 4
0.042762 0.014152 0.014152 2 4 4
0.042734 0.014133 0.014133 2 4 4
0.042707 0.014115 0.014115 2 4 4
0.04268 0.014096 0.014096 2 4 4
0.042652 0.014077 0.014077 2 4 4
0.042625 0.014059 0.014059 2 4 4
0.042597 0.01404 0.01404 2 4 4
0.04257 0.014021 0.014021 2 4 4
0.042542 0.014002 0.014002 2 4 4
0.042515 0.013984 0.013984 2 4 4
0.042487 0.013965 0.013965 2 4 4
0.042459 0.013946 0.013946 2 4 4
0.042432 0.013927 0.013927 2 4 4
0.042404 0.013909 0.013909 2 4 4
0.042376 0.01389 0.01389 2 4 4
0.042349 0.013871 0.013871 2 4 4
0.042321 0.013852 0.013852 2 4 4
0.042293 0.013833 0.013833 2 4 4
0.042266 0.013815 0.013815 2 4 4
0.042238 0.013796 0.013796 2 4 4
0.04221 0.013777 0.013777 2 4 4
0.042182 0.013758 0.013758 2 4 4
0.042155 0.013739 0.013739 2 4 4
0.042127 0.013721 0.013721 2 4 4
0.042099 0.013702 0.013702 2 4 4
0.042072 0.013683 0.013683 2 4 4
0.042044 0.013664 0.013664 2 4 4
0.042016 0.013646 0.013646 2 4 4
0.041988 0.013627 0.013627 2 4 4
0.041961 0.013608 0.013608 2 4 4
0.041933 0.013589 0.013589 2 4 4
0.041906 0.013571 0.013571 2 4 4
0.041878 0.013552 0.013552 2 4 4
0.04185 0.013534 0.013534 2 4 4
0.041823 0.013515 0.013515 2 4 4
0.041795 0.013496 0.013496 2 4 4
0.041768 0.013478 0.013478 2 4 4
0.04174 0.013459 0.013459 2 4 4
0.041713 0.01344 0.01344 2 4 4
0.041685 0.013422 0.013422 2 4 4
0.041658 0.013403 0.013403 2 4 4
0.04163 0.013385 0.013385 2 4 4
0.041603 0.013366 0.013366 2 4 4
0.041576 0.013347 0.013347 2 4 4
0.041548 0.013329 0.013329 2 4 4
0.041521 0.01331 0.01331 2 4 4
0.041494 0.013292 0.013292 2 4 4
0.041466 0.013274 0.013274 2 4 4
0.041439 0.013255 0.013255 2 4 4
0.041412 0.013237 0.013237 2 4 4
0.041385 0.013218 0.013218 2 4 4
0.041358 0.0132 0.0132 2 4 4
0.041331 0.013181 0.013181 2 4 4
0.041303 0.013163 0.013163 2 4 4
0.041277 0.013144 0.013144 2 4 4
0.04125 0.013126 0.013126 2 4 4
0.041223 0.013108 0.013108 2 4 4
0.041196 0.013089 0.013089 2 4 4
0.041169 0.013071 0.013071 2 4 4
0.041142 0.013053 0.013053 2 4 4
0.041115 0.013034 0.013034 2 4 4
0.041089 0.013016 0.013016 2 4 4
0.041062 0.012998 0.012998 2 4 4
0.041035 0.01298 0.01298 2 4 4
0.041009 0.012962 0.012962 2 4 4
0.040982 0.012943 0.012943 2 4 4
0.040956 0.012925 0.012925 2 4 4
0.040929 0.012907 0.012907 2 4 4
0.040903 0.012889 0.012889 2 4 4
0.040877 0.01287 0.01287 2 4 4
0.04085 0.012852 0.012852 2 4 4
0.040824 0.012834 0.012834 2 4 4
0.040798 0.012816 0.012816 2 4 4
0.040772 0.012798 0.012798 2 4 4
0.040746 0.01278 0.01278 2 4 4
0.04072 0.012762 0.012762 2 4 4
0.040694 0.012744 0.012744 2 4 4
0.040668 0.012726 0.012726 2 4 4
0.040642 0.012708 0.012708 2 4 4
0.040616 0.01269 0.01269 2 4 4
0.04059 0.012672 0.012672 2 4 4
0.040565 0.012654 0.012654 2 4 4
0.040539 0.012636 0.012636 2 4 4
0.040513 0.012618 0.012618 2 4 4
0.040488 0.0126 0.0126 2 4 4
0.040462 0.012582 0.012582 2 4 4
0.040437 0.012564 0.012564 2 4 4
0.040411 0.012546 0.012546 2 4 4
0.040386 0.012528 0.012528 2 4 4
0.040361 0.012511 0.012511 2 4 4
0.040336 0.012493 0.012493 2 4 4
0.04031 0.012475 0.012475 2 4 4
0.040285 0.012457 0.012457 2 4 4
0.04026 0.012439 0.012439 2 4 4
0.040235 0.012421 0.012421 2 4 4
0.04021 0.012404 0.012404 2 4 4
0.040185 0.012386 0.012386 2 4 4
0.040161 0.012368 0.012368 2 4 4
0.040136 0.01235 0.01235 2 4 4
0.040111 0.012333 0.012333 2 4 4
0.040086 0.012315 0.012315 2 4 4
0.040062 0.012297 0.012297 2 4 4
0.040037 0.01228 0.01228 2 4 4
0.040013 0.012262 0.012262 2 4 4
0.039989 0.012244 0.012244 2 4 4
0.039964 0.012227 0.012227 2 4 4
0.03994 0.012209 0.012209 2 4 4
0.039916 0.012191 0.012191 2 4 4
0.039892 0.012174 0.012174 2 4 4
0.039868 0.012156 0.012156 2 4 4
0.039844 0.012139 0.012139 2 4 4
0.03982 0.012121 0.012121 2 4 4
0.039796 0.012104 0.012104 2 4 4
0.039772 0.012086 0.012086 2 4 4
0.039748 0.012069 0.012069 2 4 4
0.039725 0.012051 0.012051 2 4 4
0.039701 0.012034 0.012034 2 4 4
0.039677 0.012016 0.012016 2 4 4
0.039654 0.011999 0.011999 2 4 4
0.039631 0.011982 0.011982 2 4 4
0.039607 0.011964 0.011964 2 4 4
0.039584 0.011947 0.011947 2 4 4
0.039561 0.01193 0.01193 2 4 4
0.039538 0.011912 0.011912 2 4 4
0.039515 0.011895 0.011895 2 4 4
0.039491 0.011878 0.011878 2 4 4
0.039468 0.01186 0.01186 2 4 4
0.039446 0.011843 0.011843 2 4 4
0.039423 0.011826 0.011826 2 4 4
0.0394 0.011809 0.011809 2 4 4
0.039377 0.011791 0.011791 2 4 4
0.039355 0.011774 0.011774 2 4 4
0.039332 0.011757 0.011757 2 4 4
0.03931 0.01174 0.01174 2 4 4
0.039287 0.011723 0.011723 2 4 4
0.039265 0.011706 0.011706 2 4 4
0.039243 0.011689 0.011689 2 4 4
0.039221 0.011672 0.011672 2 4 4
0.039198 0.011654 0.011654 2 4 4
0.039176 0.011638 0.011638 2 4 4
0.039155 0.011621 0.011621 2 4 4
0.039133 0.011603 0.011603 2 4 4
0.039111 0.011586 0.011586 2 4 4
0.039089 0.01157 0.01157 2 4 4
0.039067 0.011553 0.011553 2 4 4
0.039046 0.011536 0.011536 2 4 4
0.039024 0.011519 0.011519 2 4 4
0.039003 0.011502 0.011502 2 4 4
0.038981 0.011485 0.011485 2 4 4
0.03896 0.011468 0.011468 2 4 4
0.038939 0.011451 0.011451 2 4 4
0.038917 0.011435 0.011435 2 4 4
0.038896 0.011418 0.011418 2 4 4
0.038875 0.011401 0.011401 2 4 4
0.038854 0.011385 0.011385 2 4 4
0.038833 0.011368 0.011368 2 4 4
0.038812 0.011351 0.011351 2 4 4
0.038792 0.011335 0.011335 2 4 4
0.038771 0.011318 0.011318 2 4 4
0.03875 0.011301 0.011301 2 4 4
0.03873 0.011285 0.011285 2 4 4
0.038709 0.011268 0.011268 2 4 4
0.038689 0.011252 0.011252 2 4 4
0.038669 0.011235 0.011235 2 4 4
0.038648 0.011219 0.011219 2 4 4
0.038628 0.011202 0.011202 2 4 4
0.038608 0.011186 0.011186 2 4 4
0.038588 0.01117 0.01117 2 4 4
0.038568 0.011153 0.011153 2 4 4
0.038548 0.011137 0.011137 2 4 4
0.038528 0.01112 0.01112 2 4 4
0.038509 0.011104 0.011104 2 4 4
0.038489 0.011088 0.011088 2 4 4
0.038469 0.011072 0.011072 2 4 4
0.03845 0.011055 0.011055 2 4 4
0.03843 0.011039 0.011039 2 4 4
0.038411 0.011023 0.011023 2 4 4
0.038392 0.011007 0.011007 2 4 4
0.038373 0.010991 0.010991 2 4 4
0.038353 0.010975 0.010975 2 4 4
0.038334 0.010959 0.010959 2 4 4
0.038315 0.010943 0.010943 2 4 4
0.038296 0.010927 0.010927 2 4 4
0.038278 0.010911 0.010911 2 4 4
0.038259 0.010895 0.010895 2 4 4
0.03824 0.010879 0.010879 2 4 4
0.038222 0.010863 0.010863 2 4 4
0.038203 0.010847 0.010847 2 4 4
0.038185 0.010832 0.010832 2 4 4
0.038166 0.010816 0.010816 2 4 4
0.038148 0.0108 0.0108 2 4 4
0.03813 0.010784 0.010784 2 4 4
0.038112 0.010769 0.010769 2 4 4
0.038094 0.010753 0.010753 2 4 4
0.038075 0.010738 0.010738 2 4 4
0.038058 0.010722 0.010722 2 4 4
0.03804 0.010706 0.010706 2 4 4
0.038022 0.010691 0.010691 2 4 4
0.038004 0.010675 0.010675 2 4 4
0.037987 0.01066 0.01066 2 4 4
0.037969 0.010645 0.010645 2 4 4
0.037952 0.010629 0.010629 2 4 4
0.037934 0.010614 0.010614 2 4 4
0.037917 0.010599 0.010599 2 4 4
0.0379 0.010583 0.010583 2 4 4
0.037883 0.010568 0.010568 2 4 4
0.037866 0.010553 0.010553 2 4 4
0.037849 0.010538 0.010538 2 4 4
0.037832 0.010523 0.010523 2 4 4
0.037815 0.010508 0.010508 2 4 4
0.037798 0.010493 0.010493 2 4 4
0.037782 0.010478 0.010478 2 4 4
0.037765 0.010463 0.010463 2 4 4
0.037748 0.010448 0.010448 2 4 4
0.037732 0.010433 0.010433 2 4 4
0.037716 0.010418 0.010418 2 4 4
0.037699 0.010403 0.010403 2 4 4
0.037683 0.010389 0.010389 2 4 4
0.037667 0.010374 0.010374 2 4 4
0.037651 0.010359 0.010359 2 4 4
0.037635 0.010344 0.010344 2 4 4
0.037619 0.01033 0.01033 2 4 4
0.037604 0.010315 0.010315 2 4 4
0.037588 0.010301 0.010301 2 4 4
0.037572 0.010286 0.010286 2 4 4
0.037557 0.010272 0.010272 2 4 4
0.037541 0.010258 0.010258 2 4 4
0.037526 0.010243 0.010243 2 4 4
0.037511 0.010229 0.010229 2 4 4
0.037495 0.010215 0.010215 2 4 4
0.03748 0.0102 0.0102 2 4 4
0.037465 0.010186 0.010186 2 4 4
0.03745 0.010172 0.010172 2 4 4
0.037435 0.010158 0.010158 2 4 4
0.03742 0.010144 0.010144 2 4 4
0.037406 0.01013 0.01013 2 4 4
0.037391 0.010116 0.010116 2 4 4
0.037377 0.010102 0.010102 2 4 4
0.037362 0.010089 0.010089 2 4 4
0.037348 0.010075 0.010075 2 4 4
0.037333 0.010061 0.010061 2 4 4
0.037319 0.010047 0.010047 2 4 4
0.037305 0.010034 0.010034 2 4 4
0.037291 0.01002 0.01002 2 4 4
0.037277 0.010007 0.010007 2 4 4
0.037263 0.0099931 0.0099931 2 4 4
0.037249 0.0099797 0.0099797 2 4 4
0.037235 0.0099663 0.0099663 2 4 4
0.037222 0.009953 0.009953 2 4 4
0.037208 0.0099397 0.0099397 2 4 4
0.037194 0.0099264 0.0099264 2 4 4
0.037181 0.0099133 0.0099133 2 4 4
0.037168 0.0099001 0.0099001 2 4 4
0.037155 0.009887 0.009887 2 4 4
0.037141 0.009874 0.009874 2 4 4
0.037128 0.009861 0.009861 2 4 4
0.037115 0.0098481 0.0098481 2 4 4
0.037102 0.0098353 0.0098353 2 4 4
0.03709 0.0098225 0.0098225 2 4 4
0.037077 0.0098097 0.0098097 2 4 4
0.037064 0.009797 0.009797 2 4 4
0.037052 0.0097844 0.0097844 2 4 4
0.037039 0.0097718 0.0097718 2 4 4
0.037027 0.0097592 0.0097592 2 4 4
0.037014 0.0097468 0.0097468 2 4 4
0.037002 0.0097343 0.0097343 2 4 4
0.03699 0.009722 0.009722 2 4 4
0.036978 0.0097097 0.0097097 2 4 4
0.036966 0.0096974 0.0096974 2 4 4
0.036954 0.0096852 0.0096852 2 4 4
0.036942 0.0096731 0.0096731 2 4 4
0.036931 0.009661 0.009661 2 4 4
0.036919 0.009649 0.009649 2 4 4
0.036907 0.009637 0.009637 2 4 4
0.036896 0.0096252 0.0096252 2 4 4
0.036885 0.0096133 0.0096133 2 4 4
0.036873 0.0096016 0.0096016 2 4 4
0.036862 0.0095898 0.0095898 2 4 4
0.036851 0.0095782 0.0095782 2 4 4
0.03684 0.0095666 0.0095666 2 4 4
0.036829 0.0095551 0.0095551 2 4 4
0.036818 0.0095436 0.0095436 2 4 4
0.036807 0.0095322 0.0095322 2 4 4
0.036797 0.0095209 0.0095209 2 4 4
0.036786 0.0095096 0.0095096 2 4 4
0.036776 0.0094983 0.0094983 2 4 4
0.036765 0.0094872 0.0094872 2 4 4
0.036755 0.0094761 0.0094761 2 4 4
0.036744 0.0094651 0.0094651 2 4 4
0.036734 0.0094541 0.0094541 2 4 4
0.036724 0.0094432 0.0094432 2 4 4
0.036714 0.0094324 0.0094324 2 4 4
0.036704 0.0094217 0.0094217 2 4 4
0.036695 0.0094109 0.0094109 2 4 4
0.036685 0.0094003 0.0094003 2 4 4
0.036675 0.0093898 0.0093898 2 4 4
0.036666 0.0093793 0.0093793 2 4 4
0.036656 0.0093688 0.0093688 2 4 4
0.036647 0.0093585 0.0093585 2 4 4
0.036638 0.0093482 0.0093482 2 4 4
0.036628 0.0093379 0.0093379 2 4 4
0.036619 0.0093278 0.0093278 2 4 4
0.03661 0.0093177 0.0093177 2 4 4
0.036601 0.0093077 0.0093077 2 4 4
0.036593 0.0092977 0.0092977 2 4 4
0.036584 0.0092879 0.0092879 2 4 4
0.036575 0.009278 0.009278 2 4 4
0.036566 0.0092683 0.0092683 2 4 4
0.036558 0.0092586 0.0092586 2 4 4
0.036549 0.009249 0.009249 2 4 4
0.036541 0.0092395 0.0092395 2 4 4
0.036533 0.0092301 0.0092301 2 4 4
0.036525 0.0092207 0.0092207 2 4 4
0.036517 0.0092113 0.0092113 2 4 4
0.036509 0.0092021 0.0092021 2 4 4
0.036501 0.0091929 0.0091929 2 4 4
0.036493 0.0091838 0.0091838 2 4 4
0.036485 0.0091748 0.0091748 2 4 4
0.036478 0.0091658 0.0091658 2 4 4
0.03647 0.009157 0.009157 2 4 4
0.036463 0.0091482 0.0091482 2 4 4
0.036456 0.0091394 0.0091394 2 4 4
0.036448 0.0091308 0.0091308 2 4 4
0.036441 0.0091222 0.0091222 2 4 4
0.036434 0.0091137 0.0091137 2 4 4
0.036427 0.0091052 0.0091052 2 4 4
0.03642 0.0090969 0.0090969 2 4 4
0.036413 0.0090886 0.0090886 2 4 4
0.036407 0.0090804 0.0090804 2 4 4
0.0364 0.0090722 0.0090722 2 4 4
0.036393 0.0090641 0.0090641 2 4 4
0.036387 0.0090562 0.0090562 2 4 4
0.036381 0.0090483 0.0090483 2 4 4
0.036374 0.0090404 0.0090404 2 4 4
0.036368 0.0090326 0.0090326 2 4 4
0.036362 0.009025 0.009025 2 4 4
0.036356 0.0090173 0.0090173 2 4 4
0.03635 0.0090098 0.0090098 2 4 4
0.036344 0.0090023 0.0090023 2 4 4
0.036338 0.008995 0.008995 2 4 4
0.036332 0.0089876 0.0089876 2 4 4
0.036327 0.0089804 0.0089804 2 4 4
0.036321 0.0089733 0.0089733 2 4 4
0.036316 0.0089662 0.0089662 2 4 4
0.036311 0.0089592 0.0089592 2 4 4
0.036305 0.0089523 0.0089523 2 4 4
0.0363 0.0089454 0.0089454 2 4 4
0.036295 0.0089386 0.0089386 2 4 4
0.03629 0.0089319 0.0089319 2 4 4
0.036285 0.0089253 0.0089253 2 4 4
0.03628 0.0089187 0.0089187 2 4 4
0.036276 0.0089123 0.0089123 2 4 4
0.036271 0.0089059 0.0089059 2 4 4
0.036266 0.0088996 0.0088996 2 4 4
0.036262 0.0088933 0.0088933 2 4 4
0.036257 0.0088872 0.0088872 2 4 4
0.036253 0.0088811 0.0088811 2 4 4
0.036249 0.0088751 0.0088751 2 4 4
0.036244 0.0088691 0.0088691 2 4 4
0.03624 0.0088633 0.0088633 2 4 4
0.036236 0.0088575 0.0088575 2 4 4
0.036232 0.0088518 0.0088518 2 4 4
0.036228 0.0088462 0.0088462 2 4 4
0.036225 0.0088406 0.0088406 2 4 4
0.036221 0.0088351 0.0088351 2 4 4
0.036217 0.0088297 0.0088297 2 4 4
0.036214 0.0088244 0.0088244 2 4 4
0.03621 0.0088191 0.0088191 2 4 4
0.036207 0.0088139 0.0088139 2 4 4
0.036203 0.0088088 0.0088088 2 4 4
0.0362 0.0088038 0.0088038 2 4 4
0.036197 0.0087988 0.0087988 2 4 4
0.036194 0.0087939 0.0087939 2 4 4
0.036191 0.0087891 0.0087891 2 4 4
0.036188 0.0087843 0.0087843 2 4 4
0.036185 0.0087797 0.0087797 2 4 4
0.036182 0.0087751 0.0087751 2 4 4
0.036179 0.0087706 0.0087706 2 4 4
0.036177 0.0087661 0.0087661 2 4 4
0.036174 0.0087617 0.0087617 2 4 4
0.036172 0.0087574 0.0087574 2 4 4
0.036169 0.0087532 0.0087532 2 4 4
0.036167 0.008749 0.008749 2 4 4
0.036164 0.0087449 0.0087449 2 4 4
0.036162 0.0087408 0.0087408 2 4 4
0.03616 0.0087369 0.0087369 2 4 4
0.036158 0.008733 0.008733 2 4 4
0.036156 0.0087291 0.0087291 2 4 4
0.036154 0.0087254 0.0087254 2 4 4
0.036152 0.0087217 0.0087217 2 4 4
0.03615 0.0087181 0.0087181 2 4 4
0.036148 0.0087145 0.0087145 2 4 4
0.036146 0.008711 0.008711 2 4 4
0.036145 0.0087076 0.0087076 2 4 4
0.036143 0.0087042 0.0087042 2 4 4
0.036141 0.0087009 0.0087009 2 4 4
0.03614 0.0086976 0.0086976 2 4 4
0.036138 0.0086945 0.0086945 2 4 4
0.036137 0.0086914 0.0086914 2 4 4
0.036136 0.0086883 0.0086883 2 4 4
0.036134 0.0086853 0.0086853 2 4 4
0.036133 0.0086824 0.0086824 2 4 4
0.036132 0.0086795 0.0086795 2 4 4
0.036131 0.0086767 0.0086767 2 4 4
0.03613 0.0086739 0.0086739 2 4 4
0.036129 0.0086711 0.0086711 2 4 4
0.036128 0.0086693 0.0086693 2 4 4
0.036128 0.0086692 0.0086692 2 4 4
0.036128 0.0086691 0.0086691 2 4 4
0.036128 0.0086691 0.0086691 2 4 4
0.036128 0.008669 0.008669 2 4 4
0.036128 0.0086689 0.0086689 2 4 4
0.036128 0.0086689 0.0086689 2 4 4
0.036128 0.0086689 0.0086689 2 4 4
0.036128 0.0086689 0.0086689 2 4 4
0.036128 0.0086689 0.0086689 2 4 4
0.036128 0.0086689 0.0086689 2 4 4
0.036128 0.0086689 0.0086689 2 4 4
0.036128 0.0086689 0.0086689 2 4 4
0.036128 0.0086689 0.0086689 2 4 4
0.036128 0.0086689 0.0086689 2 4 4
Inf Inf Inf Inf Inf Inf
0.03425 0.045 0.045 2 5 4
0.034249 0.045003 0.045003 2 5 4
0.034246 0.045009 0.045009 2 5 4
0.034241 0.04502 0.04502 2 5 4
0.03423 0.045044 0.045044 2 5 4
0.034208 0.04509 0.04509 2 5 4
0.034165 0.045184 0.045184 2 5 4
0.034101 0.045324 0.045324 2 5 4
0.034035 0.04547 0.04547 2 5 4
0.033969 0.045617 0.045617 2 5 4
0.033904 0.045765 0.045765 2 5 4
0.033839 0.045912 0.045912 2 5 4
0.033775 0.04606 0.04606 2 5 4
0.033711 0.046208 0.046208 2 5 4
0.033648 0.046357 0.046357 2 5 4
0.033586 0.046506 0.046506 2 5 4
0.033524 0.046655 0.046655 2 5 4
0.033463 0.046804 0.046804 2 5 4
0.033402 0.046954 0.046954 2 5 4
0.033342 0.047103 0.047103 2 5 4
0.033282 0.047253 0.047253 2 5 4
0.033223 0.047403 0.047403 2 5 4
0.033165 0.047553 0.047553 2 5 4
0.033107 0.047704 0.047704 2 5 4
0.03305 0.047854 0.047854 2 5 4
0.032993 0.048005 0.048005 2 5 4
0.032937 0.048156 0.048156 2 5 4
0.032882 0.048307 0.048307 2 5 4
0.032827 0.048457 0.048457 2 5 4
0.032773 0.048608 0.048608 2 5 4
0.032719 0.048759 0.048759 2 5 4
0.032666 0.04891 0.04891 2 5 4
0.032613 0.049061 0.049061 2 5 4
0.032562 0.049212 0.049212 2 5 4
0.03251 0.049362 0.049362 2 5 4
0.03246 0.049513 0.049513 2 5 4
0.032409 0.049664 0.049664 2 5 4
0.03236 0.049814 0.049814 2 5 4
0.032311 0.049965 0.049965 2 5 4
0.032262 0.050115 0.050115 2 5 4
0.032215 0.050265 0.050265 2 5 4
0.032168 0.050415 0.050415 2 5 4
0.032121 0.050564 0.050564 2 5 4
0.032075 0.050714 0.050714 2 5 4
0.03203 0.050863 0.050863 2 5 4
0.031985 0.051012 0.051012 2 5 4
0.03194 0.05116 0.05116 2 5 4
0.031897 0.051309 0.051309 2 5 4
0.031854 0.051457 0.051457 2 5 4
0.031811 0.051604 0.051604 2 5 4
0.031769 0.051752 0.051752 2 5 4
0.031728 0.051899 0.051899 2 5 4
0.031687 0.052045 0.052045 2 5 4
0.031646 0.052191 0.052191 2 5 4
0.031607 0.052337 0.052337 2 5 4
0.031567 0.052483 0.052483 2 5 4
0.031529 0.052627 0.052627 2 5 4
0.03149 0.052772 0.052772 2 5 4
0.031453 0.052916 0.052916 2 5 4
0.031415 0.053059 0.053059 2 5 4
0.031379 0.053202 0.053202 2 5 4
0.031343 0.053345 0.053345 2 5 4
0.031307 0.053487 0.053487 2 5 4
0.031272 0.053628 0.053628 2 5 4
0.031237 0.053769 0.053769 2 5 4
0.031203 0.05391 0.05391 2 5 4
0.031169 0.054049 0.054049 2 5 4
0.031136 0.054189 0.054189 2 5 4
0.031103 0.054327 0.054327 2 5 4
0.031071 0.054465 0.054465 2 5 4
0.031039 0.054603 0.054603 2 5 4
0.031008 0.05474 0.05474 2 5 4
0.030977 0.054876 0.054876 2 5 4
0.030946 0.055011 0.055011 2 5 4
0.030916 0.055146 0.055146 2 5 4
0.030886 0.055281 0.055281 2 5 4
0.030857 0.055414 0.055414 2 5 4
0.030828 0.055547 0.055547 2 5 4
0.030799 0.05568 0.05568 2 5 4
0.030771 0.055812 0.055812 2 5 4
0.030743 0.055943 0.055943 2 5 4
0.030716 0.056073 0.056073 2 5 4
0.030689 0.056203 0.056203 2 5 4
0.030662 0.056332 0.056332 2 5 4
0.030636 0.056461 0.056461 2 5 4
0.03061 0.056589 0.056589 2 5 4
0.030584 0.056716 0.056716 2 5 4
0.030558 0.056842 0.056842 2 5 4
0.030533 0.056968 0.056968 2 5 4
0.030509 0.057093 0.057093 2 5 4
0.030484 0.057218 0.057218 2 5 4
0.03046 0.057342 0.057342 2 5 4
0.030436 0.057465 0.057465 2 5 4
0.030412 0.057588 0.057588 2 5 4
0.030389 0.05771 0.05771 2 5 4
0.030366 0.057832 0.057832 2 5 4
0.030343 0.057952 0.057952 2 5 4
0.03032 0.058073 0.058073 2 5 4
0.030298 0.058192 0.058192 2 5 4
0.030276 0.058312 0.058312 2 5 4
0.030253 0.05843 0.05843 2 5 4
0.030232 0.058548 0.058548 2 5 4
0.03021 0.058666 0.058666 2 5 4
0.030189 0.058782 0.058782 2 5 4
0.030167 0.058899 0.058899 2 5 4
0.030146 0.059014 0.059014 2 5 4
0.030125 0.05913 0.05913 2 5 4
0.030105 0.059245 0.059245 2 5 4
0.030084 0.059359 0.059359 2 5 4
0.030063 0.059473 0.059473 2 5 4
0.030043 0.059586 0.059586 2 5 4
0.030023 0.0597 0.0597 2 5 4
0.030003 0.059812 0.059812 2 5 4
0.029983 0.059924 0.059924 2 5 4
0.029963 0.060036 0.060036 2 5 4
0.029943 0.060148 0.060148 2 5 4
0.029923 0.060259 0.060259 2 5 4
0.029904 0.060369 0.060369 2 5 4
0.029884 0.06048 0.06048 2 5 4
0.029865 0.06059 0.06059 2 5 4
0.029845 0.0607 0.0607 2 5 4
0.029826 0.06081 0.06081 2 5 4
0.029806 0.060919 0.060919 2 5 4
0.029787 0.061028 0.061028 2 5 4
0.029768 0.061137 0.061137 2 5 4
0.029748 0.061246 0.061246 2 5 4
0.029729 0.061355 0.061355 2 5 4
0.02971 0.061464 0.061464 2 5 4
0.02969 0.061572 0.061572 2 5 4
0.029671 0.061681 0.061681 2 5 4
0.029652 0.061789 0.061789 2 5 4
0.029632 0.061898 0.061898 2 5 4
0.029612 0.062006 0.062006 2 5 4
0.029593 0.062114 0.062114 2 5 4
0.029573 0.062223 0.062223 2 5 4
0.029554 0.062331 0.062331 2 5 4
0.029534 0.06244 0.06244 2 5 4
0.029514 0.062549 0.062549 2 5 4
0.029494 0.062658 0.062658 2 5 4
0.029474 0.062767 0.062767 2 5 4
0.029454 0.062877 0.062877 2 5 4
0.029434 0.062986 0.062986 2 5 4
0.029413 0.063096 0.063096 2 5 4
0.029393 0.063206 0.063206 2 5 4
0.029372 0.063317 0.063317 2 5 4
0.029351 0.063428 0.063428 2 5 4
0.02933 0.06354 0.06354 2 5 4
0.029309 0.063652 0.063652 2 5 4
0.029287 0.063764 0.063764 2 5 4
0.029265 0.063877 0.063877 2 5 4
0.029243 0.063991 0.063991 2 5 4
0.029221 0.064105 0.064105 2 5 4
0.029199 0.06422 0.06422 2 5 4
0.029176 0.064336 0.064336 2 5 4
0.029153 0.064452 0.064452 2 5 4
0.02913 0.06457 0.06457 2 5 4
0.029106 0.064688 0.064688 2 5 4
0.029082 0.064807 0.064807 2 5 4
0.029058 0.064926 0.064926 2 5 4
0.029034 0.065047 0.065047 2 5 4
0.029008 0.065169 0.065169 2 5 4
0.028983 0.065292 0.065292 2 5 4
0.028957 0.065416 0.065416 2 5 4
0.028931 0.065542 0.065542 2 5 4
0.028905 0.065668 0.065668 2 5 4
0.028878 0.065796 0.065796 2 5 4
0.02885 0.065925 0.065925 2 5 4
0.028822 0.066055 0.066055 2 5 4
0.028793 0.066187 0.066187 2 5 4
0.028764 0.06632 0.06632 2 5 4
0.028734 0.066455 0.066455 2 5 4
0.028704 0.066592 0.066592 2 5 4
0.028673 0.06673 0.06673 2 5 4
0.028641 0.066869 0.066869 2 5 4
0.028609 0.067011 0.067011 2 5 4
0.028576 0.067154 0.067154 2 5 4
0.028542 0.067299 0.067299 2 5 4
0.028508 0.067446 0.067446 2 5 4
0.028473 0.067595 0.067595 2 5 4
0.028436 0.067745 0.067745 2 5 4
0.028399 0.067897 0.067897 2 5 4
0.028362 0.068052 0.068052 2 5 4
0.028323 0.068208 0.068208 2 5 4
0.028283 0.068366 0.068366 2 5 4
0.028242 0.068527 0.068527 2 5 4
0.0282 0.068689 0.068689 2 5 4
0.028158 0.068853 0.068853 2 5 4
0.028114 0.069018 0.069018 2 5 4
0.028069 0.069186 0.069186 2 5 4
0.028023 0.069355 0.069355 2 5 4
0.027975 0.069526 0.069526 2 5 4
0.027927 0.069699 0.069699 2 5 4
0.027877 0.069873 0.069873 2 5 4
0.027825 0.070048 0.070048 2 5 4
0.027773 0.070225 0.070225 2 5 4
0.027719 0.070402 0.070402 2 5 4
0.027664 0.07058 0.07058 2 5 4
0.027607 0.070759 0.070759 2 5 4
0.027549 0.070938 0.070938 2 5 4
0.027489 0.071117 0.071117 2 5 4
0.027428 0.071296 0.071296 2 5 4
0.027365 0.071474 0.071474 2 5 4
0.0273 0.071651 0.071651 2 5 4
0.027234 0.071827 0.071827 2 5 4
0.027167 0.072 0.072 2 5 4
0.027097 0.072172 0.072172 2 5 4
0.027026 0.072341 0.072341 2 5 4
0.026954 0.072506 0.072506 2 5 4
0.02688 0.072667 0.072667 2 5 4
0.026804 0.072825 0.072825 2 5 4
0.026727 0.072977 0.072977 2 5 4
0.026648 0.073123 0.073123 2 5 4
0.026567 0.073263 0.073263 2 5 4
0.026485 0.073397 0.073397 2 5 4
0.026401 0.073523 0.073523 2 5 4
0.026316 0.073641 0.073641 2 5 4
0.026229 0.07375 0.07375 2 5 4
0.026142 0.073849 0.073849 2 5 4
0.026052 0.073939 0.073939 2 5 4
0.025962 0.074018 0.074018 2 5 4
0.02587 0.074086 0.074086 2 5 4
0.025777 0.074143 0.074143 2 5 4
0.025683 0.074187 0.074187 2 5 4
0.025588 0.074219 0.074219 2 5 4
0.025492 0.074238 0.074238 2 5 4
0.025396 0.074243 0.074243 2 5 4
0.025298 0.074235 0.074235 2 5 4
0.0252 0.074214 0.074214 2 5 4
0.025101 0.074178 0.074178 2 5 4
0.025002 0.074128 0.074128 2 5 4
0.024903 0.074064 0.074064 2 5 4
0.024803 0.073985 0.073985 2 5 4
0.024702 0.073892 0.073892 2 5 4
0.024602 0.073785 0.073785 2 5 4
0.024501 0.073663 0.073663 2 5 4
0.024401 0.073528 0.073528 2 5 4
0.0243 0.073378 0.073378 2 5 4
0.0242 0.073215 0.073215 2 5 4
0.0241 0.073039 0.073039 2 5 4
0.024 0.072849 0.072849 2 5 4
0.0239 0.072647 0.072647 2 5 4
0.023801 0.072432 0.072432 2 5 4
0.023702 0.072204 0.072204 2 5 4
0.023603 0.071965 0.071965 2 5 4
0.023505 0.071715 0.071715 2 5 4
0.023408 0.071454 0.071454 2 5 4
0.023312 0.071182 0.071182 2 5 4
0.023216 0.0709 0.0709 2 5 4
0.02312 0.070608 0.070608 2 5 4
0.023026 0.070307 0.070307 2 5 4
0.022932 0.069997 0.069997 2 5 4
0.022839 0.069679 0.069679 2 5 4
0.022747 0.069354 0.069354 2 5 4
0.022656 0.069021 0.069021 2 5 4
0.022566 0.068681 0.068681 2 5 4
0.022477 0.068335 0.068335 2 5 4
0.022388 0.067983 0.067983 2 5 4
0.022301 0.067626 0.067626 2 5 4
0.022215 0.067263 0.067263 2 5 4
0.02213 0.066897 0.066897 2 5 4
0.022046 0.066526 0.066526 2 5 4
0.021963 0.066152 0.066152 2 5 4
0.021881 0.065775 0.065775 2 5 4
0.0218 0.065395 0.065395 2 5 4
0.02172 0.065013 0.065013 2 5 4
0.021642 0.06463 0.06463 2 5 4
0.021564 0.064244 0.064244 2 5 4
0.021488 0.063859 0.063859 2 5 4
0.021412 0.063472 0.063472 2 5 4
0.021338 0.063086 0.063086 2 5 4
0.021265 0.0627 0.0627 2 5 4
0.021193 0.062315 0.062315 2 5 4
0.021122 0.061931 0.061931 2 5 4
0.021053 0.061548 0.061548 2 5 4
0.020984 0.061167 0.061167 2 5 4
0.020917 0.060789 0.060789 2 5 4
0.02085 0.060413 0.060413 2 5 4
0.020785 0.06004 0.06004 2 5 4
0.020721 0.059671 0.059671 2 5 4
0.020657 0.059305 0.059305 2 5 4
0.020595 0.058944 0.058944 2 5 4
0.020534 0.058586 0.058586 2 5 4
0.020474 0.058234 0.058234 2 5 4
0.020416 0.057886 0.057886 2 5 4
0.020358 0.057544 0.057544 2 5 4
0.020301 0.057208 0.057208 2 5 4
0.020245 0.056878 0.056878 2 5 4
0.02019 0.056554 0.056554 2 5 4
0.020137 0.056237 0.056237 2 5 4
0.020084 0.055927 0.055927 2 5 4
0.020032 0.055625 0.055625 2 5 4
0.019981 0.05533 0.05533 2 5 4
0.019932 0.055043 0.055043 2 5 4
0.019883 0.054765 0.054765 2 5 4
0.019835 0.054495 0.054495 2 5 4
0.019788 0.054234 0.054234 2 5 4
0.019742 0.053983 0.053983 2 5 4
0.019698 0.053741 0.053741 2 5 4
0.019654 0.053509 0.053509 2 5 4
0.019611 0.053287 0.053287 2 5 4
0.019569 0.053075 0.053075 2 5 4
0.019528 0.052874 0.052874 2 5 4
0.019488 0.052684 0.052684 2 5 4
0.019449 0.052505 0.052505 2 5 4
0.01941 0.052336 0.052336 2 5 4
0.019373 0.052179 0.052179 2 5 4
0.019337 0.052033 0.052033 2 5 4
0.019301 0.051899 0.051899 2 5 4
0.019267 0.051776 0.051776 2 5 4
0.019233 0.051664 0.051664 2 5 4
0.0192 0.051563 0.051563 2 5 4
0.019169 0.051474 0.051474 2 5 4
0.019138 0.051395 0.051395 2 5 4
0.019107 0.051328 0.051328 2 5 4
0.019078 0.051271 0.051271 2 5 4
0.019049 0.051225 0.051225 2 5 4
0.019021 0.051189 0.051189 2 5 4
0.018994 0.051163 0.051163 2 5 4
0.018968 0.051147 0.051147 2 5 4
0.018942 0.051139 0.051139 2 5 4
0.018917 0.051141 0.051141 2 5 4
0.018892 0.051152 0.051152 2 5 4
0.018868 0.051171 0.051171 2 5 4
0.018845 0.051198 0.051198 2 5 4
0.018821 0.051232 0.051232 2 5 4
0.018799 0.051273 0.051273 2 5 4
0.018776 0.051321 0.051321 2 5 4
0.018754 0.051375 0.051375 2 5 4
0.018732 0.051436 0.051436 2 5 4
0.018711 0.051502 0.051502 2 5 4
0.01869 0.051573 0.051573 2 5 4
0.018668 0.051648 0.051648 2 5 4
0.018647 0.051728 0.051728 2 5 4
0.018626 0.051812 0.051812 2 5 4
0.018605 0.0519 0.0519 2 5 4
0.018583 0.051991 0.051991 2 5 4
0.018562 0.052085 0.052085 2 5 4
0.01854 0.052182 0.052182 2 5 4
0.018518 0.052281 0.052281 2 5 4
0.018496 0.052381 0.052381 2 5 4
0.018473 0.052484 0.052484 2 5 4
0.01845 0.052587 0.052587 2 5 4
0.018426 0.052692 0.052692 2 5 4
0.018402 0.052797 0.052797 2 5 4
0.018377 0.052902 0.052902 2 5 4
0.018351 0.053008 0.053008 2 5 4
0.018325 0.053113 0.053113 2 5 4
0.018298 0.053218 0.053218 2 5 4
0.01827 0.053322 0.053322 2 5 4
0.018241 0.053425 0.053425 2 5 4
0.018211 0.053526 0.053526 2 5 4
0.01818 0.053627 0.053627 2 5 4
0.018148 0.053725 0.053725 2 5 4
0.018114 0.053822 0.053822 2 5 4
0.01808 0.053916 0.053916 2 5 4
0.018044 0.054008 0.054008 2 5 4
0.018007 0.054098 0.054098 2 5 4
0.017968 0.054184 0.054184 2 5 4
0.017928 0.054268 0.054268 2 5 4
0.017887 0.054348 0.054348 2 5 4
0.017844 0.054425 0.054425 2 5 4
0.017799 0.054499 0.054499 2 5 4
0.017753 0.054569 0.054569 2 5 4
0.017705 0.054635 0.054635 2 5 4
0.017655 0.054698 0.054698 2 5 4
0.017604 0.054756 0.054756 2 5 4
0.017551 0.05481 0.05481 2 5 4
0.017496 0.05486 0.05486 2 5 4
0.017439 0.054906 0.054906 2 5 4
0.017381 0.054947 0.054947 2 5 4
0.017321 0.054984 0.054984 2 5 4
0.017259 0.055016 0.055016 2 5 4
0.017195 0.055044 0.055044 2 5 4
0.01713 0.055066 0.055066 2 5 4
0.017063 0.055085 0.055085 2 5 4
0.016994 0.055099 0.055099 2 5 4
0.016923 0.055108 0.055108 2 5 4
0.016851 0.055113 0.055113 2 5 4
0.016778 0.055113 0.055113 2 5 4
0.016702 0.055108 0.055108 2 5 4
0.016626 0.0551 0.0551 2 5 4
0.016547 0.055087 0.055087 2 5 4
0.016468 0.055069 0.055069 2 5 4
0.016387 0.055048 0.055048 2 5 4
0.016306 0.055023 0.055023 2 5 4
0.016223 0.054994 0.054994 2 5 4
0.016139 0.054961 0.054961 2 5 4
0.016054 0.054925 0.054925 2 5 4
0.015969 0.054886 0.054886 2 5 4
0.015883 0.054845 0.054845 2 5 4
0.015797 0.0548 0.0548 2 5 4
0.01571 0.054754 0.054754 2 5 4
0.015624 0.054705 0.054705 2 5 4
0.015537 0.054656 0.054656 2 5 4
0.015451 0.054605 0.054605 2 5 4
0.015365 0.054553 0.054553 2 5 4
0.01528 0.054502 0.054502 2 5 4
0.015196 0.054451 0.054451 2 5 4
0.015113 0.054402 0.054402 2 5 4
0.015031 0.054354 0.054354 2 5 4
0.014951 0.054309 0.054309 2 5 4
0.014873 0.054267 0.054267 2 5 4
0.014797 0.054229 0.054229 2 5 4
0.014723 0.054197 0.054197 2 5 4
0.014653 0.05417 0.05417 2 5 4
0.014585 0.05415 0.05415 2 5 4
0.014521 0.054139 0.054139 2 5 4
0.014462 0.054136 0.054136 2 5 4
0.014406 0.054143 0.054143 2 5 4
0.014355 0.054162 0.054162 2 5 4
0.01431 0.054193 0.054193 2 5 4
0.014269 0.054238 0.054238 2 5 4
0.014235 0.054298 0.054298 2 5 4
0.014207 0.054373 0.054373 2 5 4
0.014186 0.054465 0.054465 2 5 4
0.014172 0.054575 0.054575 2 5 4
0.014165 0.054703 0.054703 2 5 4
0.014166 0.054851 0.054851 2 5 4
0.014175 0.055018 0.055018 2 5 4
0.014191 0.055204 0.055204 2 5 4
0.014216 0.05541 0.05541 2 5 4
0.014249 0.055636 0.055636 2 5 4
0.01429 0.05588 0.05588 2 5 4
0.014339 0.056142 0.056142 2 5 4
0.014396 0.056421 0.056421 2 5 4
0.014461 0.056717 0.056717 2 5 4
0.014533 0.057026 0.057026 2 5 4
0.014611 0.057349 0.057349 2 5 4
0.014696 0.057683 0.057683 2 5 4
0.014788 0.058027 0.058027 2 5 4
0.014885 0.05838 0.05838 2 5 4
0.014988 0.058738 0.058738 2 5 4
0.015095 0.059101 0.059101 2 5 4
0.015207 0.059468 0.059468 2 5 4
0.015323 0.059836 0.059836 2 5 4
0.015443 0.060203 0.060203 2 5 4
0.015566 0.060569 0.060569 2 5 4
0.015692 0.060932 0.060932 2 5 4
0.015821 0.061291 0.061291 2 5 4
0.015952 0.061644 0.061644 2 5 4
0.016084 0.06199 0.06199 2 5 4
0.016219 0.062328 0.062328 2 5 4
0.016355 0.062657 0.062657 2 5 4
0.016491 0.062977 0.062977 2 5 4
0.016629 0.063285 0.063285 2 5 4
0.016767 0.063582 0.063582 2 5 4
0.016906 0.063867 0.063867 2 5 4
0.017045 0.064138 0.064138 2 5 4
0.017184 0.064396 0.064396 2 5 4
0.017322 0.064639 0.064639 2 5 4
0.017461 0.064868 0.064868 2 5 4
0.017598 0.065082 0.065082 2 5 4
0.017667 0.065183 0.065183 2 5 4
0.017706 0.06524 0.06524 2 5 4
0.017721 0.06526 0.06526 2 5 4
0.01773 0.065273 0.065273 2 5 4
0.017735 0.06528 0.06528 2 5 4
0.01774 0.065288 0.065288 2 5 4
0.017746 0.065296 0.065296 2 5 4
0.017755 0.065308 0.065308 2 5 4
0.017767 0.065325 0.065325 2 5 4
0.017781 0.065344 0.065344 2 5 4
0.017801 0.065373 0.065373 2 5 4
0.017832 0.065415 0.065415 2 5 4
0.017878 0.065479 0.065479 2 5 4
0.01793 0.06555 0.06555 2 5 4
0.017987 0.065628 0.065628 2 5 4
0.018052 0.065714 0.065714 2 5 4
0.018122 0.065808 0.065808 2 5 4
0.018193 0.065902 0.065902 2 5 4
0.018265 0.065996 0.065996 2 5 4
0.018339 0.06609 0.06609 2 5 4
0.018412 0.066184 0.066184 2 5 4
0.018487 0.066279 0.066279 2 5 4
0.018562 0.066373 0.066373 2 5 4
0.018638 0.066466 0.066466 2 5 4
0.018714 0.06656 0.06656 2 5 4
0.018791 0.066653 0.066653 2 5 4
0.018869 0.066746 0.066746 2 5 4
0.018947 0.066838 0.066838 2 5 4
0.019025 0.06693 0.06693 2 5 4
0.019103 0.067021 0.067021 2 5 4
0.019182 0.067112 0.067112 2 5 4
0.019261 0.067202 0.067202 2 5 4
0.01934 0.067292 0.067292 2 5 4
0.019419 0.06738 0.06738 2 5 4
0.019458 0.067424 0.067424 2 5 4
0.01946 0.067426 0.067426 2 5 4
0.019461 0.067427 0.067427 2 5 4
0.019462 0.067428 0.067428 2 5 4
0.019462 0.067429 0.067429 2 5 4
0.019462 0.067429 0.067429 2 5 4
0.019462 0.067429 0.067429 2 5 4
0.019463 0.067429 0.067429 2 5 4
0.019463 0.067429 0.067429 2 5 4
0.019463 0.067429 0.067429 2 5 4
0.019467 0.067434 0.067434 2 5 4
0.019467 0.067434 0.067434 2 5 4
0.019467 0.067434 0.067434 2 5 4
0.019468 0.067435 0.067435 2 5 4
0.019468 0.067435 0.067435 2 5 4
0.019467 0.067434 0.067434 2 5 4
0.019468 0.067435 0.067435 2 5 4
0.019468 0.067435 0.067435 2 5 4
Inf Inf Inf Inf Inf Inf
0.061005 0.045 0.045 2 6 4
0.061002 0.045003 0.045003 2 6 4
0.060996 0.04501 0.04501 2 6 4
0.060983 0.045023 0.045023 2 6 4
0.060958 0.04505 0.04505 2 6 4
0.060921 0.04509 0.04509 2 6 4
0.060864 0.04515 0.04515 2 6 4
0.060779 0.045241 0.045241 2 6 4
0.060651 0.045378 0.045378 2 6 4
0.060491 0.045549 0.045549 2 6 4
0.060329 0.045722 0.045722 2 6 4
0.060166 0.045898 0.045898 2 6 4
0.060001 0.046075 0.046075 2 6 4
0.059835 0.046254 0.046254 2 6 4
0.059668 0.046436 0.046436 2 6 4
0.0595 0.046619 0.046619 2 6 4
0.05933 0.046805 0.046805 2 6 4
0.059159 0.046992 0.046992 2 6 4
0.058987 0.047182 0.047182 2 6 4
0.058814 0.047374 0.047374 2 6 4
0.058639 0.047567 0.047567 2 6 4
0.058463 0.047763 0.047763 2 6 4
0.058287 0.047961 0.047961 2 6 4
0.058109 0.048161 0.048161 2 6 4
0.05793 0.048363 0.048363 2 6 4
0.057751 0.048567 0.048567 2 6 4
0.05757 0.048773 0.048773 2 6 4
0.057388 0.048982 0.048982 2 6 4
0.057206 0.049192 0.049192 2 6 4
0.057022 0.049404 0.049404 2 6 4
0.056838 0.049619 0.049619 2 6 4
0.056653 0.049836 0.049836 2 6 4
0.056467 0.050055 0.050055 2 6 4
0.056281 0.050275 0.050275 2 6 4
0.056094 0.050498 0.050498 2 6 4
0.055906 0.050723 0.050723 2 6 4
0.055717 0.050951 0.050951 2 6 4
0.055528 0.05118 0.05118 2 6 4
0.055338 0.051411 0.051411 2 6 4
0.055148 0.051645 0.051645 2 6 4
0.054956 0.051881 0.051881 2 6 4
0.054765 0.052119 0.052119 2 6 4
0.054573 0.052359 0.052359 2 6 4
0.05438 0.052601 0.052601 2 6 4
0.054187 0.052845 0.052845 2 6 4
0.053994 0.053091 0.053091 2 6 4
0.0538 0.053339 0.053339 2 6 4
0.053606 0.05359 0.05359 2 6 4
0.053411 0.053843 0.053843 2 6 4
0.053216 0.054097 0.054097 2 6 4
0.053021 0.054355 0.054355 2 6 4
0.052825 0.054614 0.054614 2 6 4
0.052629 0.054875 0.054875 2 6 4
0.052433 0.055138 0.055138 2 6 4
0.052236 0.055404 0.055404 2 6 4
0.05204 0.055672 0.055672 2 6 4
0.051843 0.055942 0.055942 2 6 4
0.051646 0.056214 0.056214 2 6 4
0.051449 0.056488 0.056488 2 6 4
0.051251 0.056765 0.056765 2 6 4
0.051054 0.057044 0.057044 2 6 4
0.050856 0.057325 0.057325 2 6 4
0.050658 0.057608 0.057608 2 6 4
0.05046 0.057894 0.057894 2 6 4
0.050263 0.058182 0.058182 2 6 4
0.050065 0.058472 0.058472 2 6 4
0.049867 0.058765 0.058765 2 6 4
0.049669 0.059061 0.059061 2 6 4
0.049471 0.059359 0.059359 2 6 4
0.049273 0.059659 0.059659 2 6 4
0.049075 0.059963 0.059963 2 6 4
0.048877 0.060269 0.060269 2 6 4
0.04868 0.060577 0.060577 2 6 4
0.048482 0.060889 0.060889 2 6 4
0.048285 0.061204 0.061204 2 6 4
0.048088 0.061521 0.061521 2 6 4
0.047891 0.061842 0.061842 2 6 4
0.047695 0.062166 0.062166 2 6 4
0.047499 0.062494 0.062494 2 6 4
0.047304 0.062824 0.062824 2 6 4
0.047109 0.063159 0.063159 2 6 4
0.046915 0.063497 0.063497 2 6 4
0.046723 0.063839 0.063839 2 6 4
0.046531 0.064186 0.064186 2 6 4
0.046341 0.064535 0.064535 2 6 4
0.046153 0.064889 0.064889 2 6 4
0.045967 0.065247 0.065247 2 6 4
0.045784 0.065608 0.065608 2 6 4
0.045605 0.065972 0.065972 2 6 4
0.04543 0.066339 0.066339 2 6 4
0.045261 0.066706 0.066706 2 6 4
0.045099 0.067074 0.067074 2 6 4
0.044944 0.067439 0.067439 2 6 4
0.0448 0.0678 0.0678 2 6 4
0.044666 0.068154 0.068154 2 6 4
0.044544 0.068498 0.068498 2 6 4
0.044435 0.06883 0.06883 2 6 4
0.04434 0.069147 0.069147 2 6 4
0.044258 0.069449 0.069449 2 6 4
0.044189 0.069734 0.069734 2 6 4
0.044133 0.070002 0.070002 2 6 4
0.044088 0.070253 0.070253 2 6 4
0.044053 0.07049 0.07049 2 6 4
0.044028 0.070711 0.070711 2 6 4
0.044011 0.070919 0.070919 2 6 4
0.044002 0.071115 0.071115 2 6 4
0.044 0.071299 0.071299 2 6 4
0.044004 0.071472 0.071472 2 6 4
0.044013 0.071635 0.071635 2 6 4
0.044027 0.07179 0.07179 2 6 4
0.044047 0.071936 0.071936 2 6 4
0.04407 0.072075 0.072075 2 6 4
0.044097 0.072206 0.072206 2 6 4
0.044127 0.072331 0.072331 2 6 4
0.044161 0.07245 0.07245 2 6 4
0.044197 0.072564 0.072564 2 6 4
0.044236 0.072672 0.072672 2 6 4
0.044278 0.072775 0.072775 2 6 4
0.044322 0.072874 0.072874 2 6 4
0.044368 0.072969 0.072969 2 6 4
0.044416 0.073059 0.073059 2 6 4
0.044466 0.073146 0.073146 2 6 4
0.044518 0.073228 0.073228 2 6 4
0.044571 0.073308 0.073308 2 6 4
0.044626 0.073384 0.073384 2 6 4
0.044683 0.073457 0.073457 2 6 4
0.044741 0.073527 0.073527 2 6 4
0.0448 0.073595 0.073595 2 6 4
0.04486 0.07366 0.07366 2 6 4
0.044922 0.073722 0.073722 2 6 4
0.044985 0.073781 0.073781 2 6 4
0.045049 0.073839 0.073839 2 6 4
0.045114 0.073894 0.073894 2 6 4
0.04518 0.073946 0.073946 2 6 4
0.045247 0.073997 0.073997 2 6 4
0.045316 0.074045 0.074045 2 6 4
0.045385 0.074092 0.074092 2 6 4
0.045455 0.074136 0.074136 2 6 4
0.045525 0.074179 0.074179 2 6 4
0.045597 0.07422 0.07422 2 6 4
0.045669 0.074259 0.074259 2 6 4
0.045743 0.074296 0.074296 2 6 4
0.045817 0.074332 0.074332 2 6 4
0.045891 0.074366 0.074366 2 6 4
0.045967 0.074398 0.074398 2 6 4
0.046043 0.074429 0.074429 2 6 4
0.04612 0.074458 0.074458 2 6 4
0.046198 0.074486 0.074486 2 6 4
0.046276 0.074512 0.074512 2 6 4
0.046355 0.074536 0.074536 2 6 4
0.046434 0.07456 0.07456 2 6 4
0.046514 0.074581 0.074581 2 6 4
0.046595 0.074602 0.074602 2 6 4
0.046677 0.074621 0.074621 2 6 4
0.046759 0.074638 0.074638 2 6 4
0.046841 0.074655 0.074655 2 6 4
0.046924 0.07467 0.07467 2 6 4
0.047008 0.074683 0.074683 2 6 4
0.047092 0.074696 0.074696 2 6 4
0.047177 0.074707 0.074707 2 6 4
0.047263 0.074716 0.074716 2 6 4
0.047349 0.074725 0.074725 2 6 4
0.047435 0.074732 0.074732 2 6 4
0.047522 0.074738 0.074738 2 6 4
0.04761 0.074743 0.074743 2 6 4
0.047698 0.074746 0.074746 2 6 4
0.047787 0.074748 0.074748 2 6 4
0.047876 0.07475 0.07475 2 6 4
0.047965 0.074749 0.074749 2 6 4
0.048055 0.074748 0.074748 2 6 4
0.048146 0.074746 0.074746 2 6 4
0.048237 0.074742 0.074742 2 6 4
0.048329 0.074737 0.074737 2 6 4
0.048421 0.074731 0.074731 2 6 4
0.048513 0.074723 0.074723 2 6 4
0.048606 0.074715 0.074715 2 6 4
0.0487 0.074705 0.074705 2 6 4
0.048794 0.074694 0.074694 2 6 4
0.048888 0.074682 0.074682 2 6 4
0.048983 0.074669 0.074669 2 6 4
0.049079 0.074654 0.074654 2 6 4
0.049175 0.074638 0.074638 2 6 4
0.049271 0.074622 0.074622 2 6 4
0.049368 0.074604 0.074604 2 6 4
0.049465 0.074584 0.074584 2 6 4
0.049563 0.074564 0.074564 2 6 4
0.049661 0.074542 0.074542 2 6 4
0.049759 0.07452 0.07452 2 6 4
0.049858 0.074496 0.074496 2 6 4
0.049958 0.07447 0.07447 2 6 4
0.050058 0.074444 0.074444 2 6 4
0.050158 0.074416 0.074416 2 6 4
0.050259 0.074387 0.074387 2 6 4
0.05036 0.074357 0.074357 2 6 4
0.050462 0.074326 0.074326 2 6 4
0.050564 0.074294 0.074294 2 6 4
0.050666 0.07426 0.07426 2 6 4
0.050769 0.074225 0.074225 2 6 4
0.050872 0.074189 0.074189 2 6 4
0.050976 0.074151 0.074151 2 6 4
0.05108 0.074113 0.074113 2 6 4
0.051185 0.074073 0.074073 2 6 4
0.05129 0.074031 0.074031 2 6 4
0.051395 0.073989 0.073989 2 6 4
0.051501 0.073945 0.073945 2 6 4
0.051607 0.0739 0.0739 2 6 4
0.051714 0.073854 0.073854 2 6 4
0.051821 0.073806 0.073806 2 6 4
0.051928 0.073757 0.073757 2 6 4
0.052036 0.073707 0.073707 2 6 4
0.052144 0.073655 0.073655 2 6 4
0.052252 0.073602 0.073602 2 6 4
0.052361 0.073548 0.073548 2 6 4
0.052471 0.073492 0.073492 2 6 4
0.05258 0.073435 0.073435 2 6 4
0.05269 0.073377 0.073377 2 6 4
0.052801 0.073317 0.073317 2 6 4
0.052912 0.073256 0.073256 2 6 4
0.053023 0.073193 0.073193 2 6 4
0.053134 0.07313 0.07313 2 6 4
0.053246 0.073064 0.073064 2 6 4
0.053358 0.072997 0.072997 2 6 4
0.053471 0.072929 0.072929 2 6 4
0.053583 0.072859 0.072859 2 6 4
0.053697 0.072788 0.072788 2 6 4
0.05381 0.072716 0.072716 2 6 4
0.053924 0.072642 0.072642 2 6 4
0.054038 0.072566 0.072566 2 6 4
0.054153 0.072489 0.072489 2 6 4
0.054268 0.07241 0.07241 2 6 4
0.054383 0.07233 0.07233 2 6 4
0.054498 0.072249 0.072249 2 6 4
0.054614 0.072165 0.072165 2 6 4
0.05473 0.072081 0.072081 2 6 4
0.054846 0.071994 0.071994 2 6 4
0.054963 0.071906 0.071906 2 6 4
0.05508 0.071817 0.071817 2 6 4
0.055197 0.071726 0.071726 2 6 4
0.055314 0.071633 0.071633 2 6 4
0.055432 0.071538 0.071538 2 6 4
0.05555 0.071442 0.071442 2 6 4
0.055668 0.071345 0.071345 2 6 4
0.055786 0.071245 0.071245 2 6 4
0.055905 0.071144 0.071144 2 6 4
0.056023 0.071041 0.071041 2 6 4
0.056142 0.070936 0.070936 2 6 4
0.056261 0.07083 0.07083 2 6 4
0.056381 0.070722 0.070722 2 6 4
0.0565 0.070612 0.070612 2 6 4
0.05662 0.070501 0.070501 2 6 4
0.056739 0.070387 0.070387 2 6 4
0.056859 0.070272 0.070272 2 6 4
0.05698 0.070155 0.070155 2 6 4
0.0571 0.070036 0.070036 2 6 4
0.05722 0.069915 0.069915 2 6 4
0.05734 0.069793 0.069793 2 6 4
0.057461 0.069668 0.069668 2 6 4
0.057581 0.069542 0.069542 2 6 4
0.057702 0.069413 0.069413 2 6 4
0.057822 0.069283 0.069283 2 6 4
0.057943 0.069151 0.069151 2 6 4
0.058064 0.069016 0.069016 2 6 4
0.058184 0.06888 0.06888 2 6 4
0.058305 0.068742 0.068742 2 6 4
0.058426 0.068602 0.068602 2 6 4
0.058546 0.06846 0.06846 2 6 4
0.058667 0.068315 0.068315 2 6 4
0.058787 0.068169 0.068169 2 6 4
0.058907 0.06802 0.06802 2 6 4
0.059028 0.06787 0.06787 2 6 4
0.059148 0.067717 0.067717 2 6 4
0.059268 0.067562 0.067562 2 6 4
0.059387 0.067405 0.067405 2 6 4
0.059507 0.067246 0.067246 2 6 4
0.059626 0.067085 0.067085 2 6 4
0.059745 0.066921 0.066921 2 6 4
0.059864 0.066755 0.066755 2 6 4
0.059982 0.066587 0.066587 2 6 4
0.060101 0.066417 0.066417 2 6 4
0.060218 0.066245 0.066245 2 6 4
0.060336 0.06607 0.06607 2 6 4
0.060453 0.065893 0.065893 2 6 4
0.060569 0.065713 0.065713 2 6 4
0.060686 0.065532 0.065532 2 6 4
0.060802 0.065348 0.065348 2 6 4
0.060917 0.065161 0.065161 2 6 4
0.061032 0.064972 0.064972 2 6 4
0.061146 0.064781 0.064781 2 6 4
0.061259 0.064588 0.064588 2 6 4
0.061372 0.064392 0.064392 2 6 4
0.061485 0.064193 0.064193 2 6 4
0.061596 0.063992 0.063992 2 6 4
0.061707 0.063789 0.063789 2 6 4
0.061817 0.063583 0.063583 2 6 4
0.061927 0.063375 0.063375 2 6 4
0.062035 0.063165 0.063165 2 6 4
0.062143 0.062951 0.062951 2 6 4
0.06225 0.062736 0.062736 2 6 4
0.062356 0.062518 0.062518 2 6 4
0.06246 0.062297 0.062297 2 6 4
0.062566 0.06207 0.06207 2 6 4
0.062599 0.062 0.062 2 6 4
0.06262 0.061953 0.061953 2 6 4
0.062638 0.061914 0.061914 2 6 4
0.062657 0.061872 0.061872 2 6 4
0.062678 0.061826 0.061826 2 6 4
0.062701 0.061775 0.061775 2 6 4
0.062727 0.061719 0.061719 2 6 4
0.062755 0.061657 0.061657 2 6 4
0.062786 0.061588 0.061588 2 6 4
0.062821 0.061511 0.061511 2 6 4
0.062859 0.061426 0.061426 2 6 4
0.062902 0.061332 0.061332 2 6 4
0.062949 0.061226 0.061226 2 6 4
0.063002 0.061109 0.061109 2 6 4
0.063061 0.060978 0.060978 2 6 4
0.063126 0.060833 0.060833 2 6 4
0.063198 0.06067 0.06067 2 6 4
0.063279 0.060487 0.060487 2 6 4
0.063368 0.060283 0.060283 2 6 4
0.063468 0.060055 0.060055 2 6 4
0.06358 0.059799 0.059799 2 6 4
0.063704 0.059511 0.059511 2 6 4
0.063843 0.059188 0.059188 2 6 4
0.063994 0.058831 0.058831 2 6 4
0.064148 0.058465 0.058465 2 6 4
0.064303 0.058092 0.058092 2 6 4
0.06446 0.057712 0.057712 2 6 4
0.064617 0.057324 0.057324 2 6 4
0.064776 0.056929 0.056929 2 6 4
0.064936 0.056526 0.056526 2 6 4
0.065096 0.056117 0.056117 2 6 4
0.065257 0.055701 0.055701 2 6 4
0.065419 0.055278 0.055278 2 6 4
0.06558 0.054848 0.054848 2 6 4
0.065741 0.054412 0.054412 2 6 4
0.065903 0.05397 0.05397 2 6 4
0.066063 0.053522 0.053522 2 6 4
0.066223 0.053068 0.053068 2 6 4
0.066382 0.052609 0.052609 2 6 4
0.066539 0.052145 0.052145 2 6 4
0.066695 0.051676 0.051676 2 6 4
0.066849 0.051203 0.051203 2 6 4
0.067001 0.050727 0.050727 2 6 4
0.06715 0.050248 0.050248 2 6 4
0.067297 0.049768 0.049768 2 6 4
0.06744 0.049287 0.049287 2 6 4
0.067579 0.048806 0.048806 2 6 4
0.067714 0.048327 0.048327 2 6 4
0.067845 0.047851 0.047851 2 6 4
0.067971 0.04738 0.04738 2 6 4
0.068092 0.046915 0.046915 2 6 4
0.068208 0.046457 0.046457 2 6 4
0.068318 0.046008 0.046008 2 6 4
0.068423 0.045568 0.045568 2 6 4
0.068523 0.045139 0.045139 2 6 4
0.068616 0.044721 0.044721 2 6 4
0.068705 0.044316 0.044316 2 6 4
0.068788 0.043923 0.043923 2 6 4
0.068866 0.043542 0.043542 2 6 4
0.06894 0.043174 0.043174 2 6 4
0.069009 0.042819 0.042819 2 6 4
0.069073 0.042476 0.042476 2 6 4
0.069134 0.042145 0.042145 2 6 4
0.069191 0.041826 0.041826 2 6 4
0.069244 0.041518 0.041518 2 6 4
0.069294 0.041221 0.041221 2 6 4
0.069341 0.040934 0.040934 2 6 4
0.069385 0.040658 0.040658 2 6 4
0.069426 0.040391 0.040391 2 6 4
0.069465 0.040133 0.040133 2 6 4
0.069502 0.039884 0.039884 2 6 4
0.069537 0.039643 0.039643 2 6 4
0.069569 0.03941 0.03941 2 6 4
0.0696 0.039184 0.039184 2 6 4
0.069629 0.038965 0.038965 2 6 4
0.069657 0.038754 0.038754 2 6 4
0.069683 0.038548 0.038548 2 6 4
0.069708 0.038349 0.038349 2 6 4
0.069732 0.038156 0.038156 2 6 4
0.069754 0.037968 0.037968 2 6 4
0.069775 0.037786 0.037786 2 6 4
0.069795 0.037609 0.037609 2 6 4
0.069815 0.037437 0.037437 2 6 4
0.069833 0.037269 0.037269 2 6 4
0.06985 0.037106 0.037106 2 6 4
0.069867 0.036947 0.036947 2 6 4
0.069883 0.036792 0.036792 2 6 4
0.069898 0.036642 0.036642 2 6 4
0.069912 0.036494 0.036494 2 6 4
0.069926 0.036351 0.036351 2 6 4
0.069939 0.036211 0.036211 2 6 4
0.069952 0.036074 0.036074 2 6 4
0.069964 0.035941 0.035941 2 6 4
0.069976 0.03581 0.03581 2 6 4
0.069987 0.035683 0.035683 2 6 4
0.069997 0.035558 0.035558 2 6 4
0.070008 0.035436 0.035436 2 6 4
0.070017 0.035317 0.035317 2 6 4
0.070027 0.0352 0.0352 2 6 4
0.070036 0.035085 0.035085 2 6 4
0.070044 0.034973 0.034973 2 6 4
0.070053 0.034863 0.034863 2 6 4
0.07006 0.034755 0.034755 2 6 4
0.070068 0.034649 0.034649 2 6 4
0.070075 0.034545 0.034545 2 6 4
0.070082 0.034443 0.034443 2 6 4
0.070089 0.034342 0.034342 2 6 4
0.070096 0.034244 0.034244 2 6 4
0.070102 0.034147 0.034147 2 6 4
0.070108 0.034052 0.034052 2 6 4
0.070113 0.033958 0.033958 2 6 4
0.070119 0.033866 0.033866 2 6 4
0.070124 0.033775 0.033775 2 6 4
0.070129 0.033685 0.033685 2 6 4
0.070134 0.033597 0.033597 2 6 4
0.070139 0.03351 0.03351 2 6 4
0.070143 0.033424 0.033424 2 6 4
0.070148 0.033339 0.033339 2 6 4
0.070152 0.033256 0.033256 2 6 4
0.070155 0.033173 0.033173 2 6 4
0.070159 0.033091 0.033091 2 6 4
0.070163 0.03301 0.03301 2 6 4
0.070166 0.03293 0.03293 2 6 4
0.070169 0.032851 0.032851 2 6 4
0.070172 0.032772 0.032772 2 6 4
0.070175 0.032694 0.032694 2 6 4
0.070178 0.032617 0.032617 2 6 4
0.07018 0.03254 0.03254 2 6 4
0.070183 0.032464 0.032464 2 6 4
0.070185 0.032388 0.032388 2 6 4
0.070187 0.032313 0.032313 2 6 4
0.070189 0.032238 0.032238 2 6 4
0.070191 0.032163 0.032163 2 6 4
0.070192 0.032088 0.032088 2 6 4
0.070194 0.032014 0.032014 2 6 4
0.070195 0.03194 0.03194 2 6 4
0.070196 0.031865 0.031865 2 6 4
0.070197 0.031791 0.031791 2 6 4
0.070197 0.031717 0.031717 2 6 4
0.070198 0.031642 0.031642 2 6 4
0.070198 0.031567 0.031567 2 6 4
0.070198 0.031492 0.031492 2 6 4
0.070198 0.031417 0.031417 2 6 4
0.070198 0.031341 0.031341 2 6 4
0.070197 0.031264 0.031264 2 6 4
0.070196 0.031186 0.031186 2 6 4
0.070195 0.031108 0.031108 2 6 4
0.070194 0.031028 0.031028 2 6 4
0.070192 0.030948 0.030948 2 6 4
0.07019 0.030866 0.030866 2 6 4
0.070187 0.030783 0.030783 2 6 4
0.070184 0.030698 0.030698 2 6 4
0.070181 0.030612 0.030612 2 6 4
0.070177 0.030524 0.030524 2 6 4
0.070172 0.030433 0.030433 2 6 4
0.070167 0.03034 0.03034 2 6 4
0.070162 0.030244 0.030244 2 6 4
0.070155 0.030146 0.030146 2 6 4
Inf Inf Inf Inf Inf Inf
0.060819 0.045198 0.045198 2 6 4
0.060976 0.045031 0.045031 2 6 4
0.061132 0.044866 0.044866 2 6 4
0.061285 0.044703 0.044703 2 6 4
0.061437 0.044542 0.044542 2 6 4
0.061588 0.044383 0.044383 2 6 4
0.061736 0.044226 0.044226 2 6 4
0.061883 0.044071 0.044071 2 6 4
0.062028 0.043918 0.043918 2 6 4
0.062171 0.043768 0.043768 2 6 4
0.062312 0.043619 0.043619 2 6 4
0.062451 0.043473 0.043473 2 6 4
0.062588 0.043329 0.043329 2 6 4
0.062723 0.043187 0.043187 2 6 4
0.062856 0.043047 0.043047 2 6 4
0.062987 0.042909 0.042909 2 6 4
0.063115 0.042774 0.042774 2 6 4
0.063241 0.042641 0.042641 2 6 4
0.063365 0.04251 0.04251 2 6 4
0.063486 0.042382 0.042382 2 6 4
0.063605 0.042256 0.042256 2 6 4
0.063721 0.042133 0.042133 2 6 4
0.063835 0.042012 0.042012 2 6 4
0.063946 0.041893 0.041893 2 6 4
0.064054 0.041778 0.041778 2 6 4
0.06416 0.041665 0.041665 2 6 4
0.064262 0.041555 0.041555 2 6 4
0.064362 0.041448 0.041448 2 6 4
0.064458 0.041344 0.041344 2 6 4
0.064551 0.041244 0.041244 2 6 4
0.064641 0.041146 0.041146 2 6 4
0.064727 0.041052 0.041052 2 6 4
0.06481 0.040961 0.040961 2 6 4
0.06489 0.040875 0.040875 2 6 4
0.064966 0.040792 0.040792 2 6 4
0.065037 0.040713 0.040713 2 6 4
0.065105 0.040638 0.040638 2 6 4
0.065169 0.040567 0.040567 2 6 4
0.065229 0.040501 0.040501 2 6 4
0.065284 0.04044 0.04044 2 6 4
0.065335 0.040383 0.040383 2 6 4
0.065381 0.040332 0.040332 2 6 4
0.065422 0.040285 0.040285 2 6 4
0.065459 0.040244 0.040244 2 6 4
0.06549 0.040208 0.040208 2 6 4
0.065517 0.040178 0.040178 2 6 4
0.065539 0.040154 0.040154 2 6 4
0.065555 0.040135 0.040135 2 6 4
0.065566 0.040123 0.040123 2 6 4
0.065572 0.040116 0.040116 2 6 4
0.065573 0.040115 0.040115 2 6 4
0.065568 0.040121 0.040121 2 6 4
0.065558 0.040132 0.040132 2 6 4
0.065543 0.040149 0.040149 2 6 4
0.065523 0.040172 0.040172 2 6 4
0.065497 0.040201 0.040201 2 6 4
0.065467 0.040235 0.040235 2 6 4
