0	0	3.328e-294
0	0.1309	3.07467e-294
0	0.261799	2.35325e-294
0	0.392699	1.27357e-294
0	0.523599	-1.24476e-307
0	0.654498	-1.27357e-294
0	0.785398	-2.35325e-294
0	0.916298	-3.07467e-294
0	1.0472	-3.328e-294
0	1.1781	-3.07467e-294
0	1.309	-2.35325e-294
0	1.4399	-1.27357e-294
0	1.5708	2.62147e-307
0	1.7017	1.27357e-294
0	1.8326	2.35325e-294
0	1.9635	3.07467e-294
0	2.0944	3.328e-294
0	2.22529	3.07467e-294
0	2.35619	2.35325e-294
0	2.48709	1.27357e-294
0	2.61799	-1.27236e-307
0	2.74889	-1.27357e-294
0	2.87979	-2.35325e-294
0	3.01069	-3.07467e-294
0	3.14159	-3.328e-294
0	3.27249	-3.07467e-294
0	3.40339	-2.35325e-294
0	3.53429	-1.27357e-294
0	3.66519	-1.27236e-307
0	3.79609	1.27357e-294
0	3.92699	2.35325e-294
0	4.05789	3.07467e-294
0	4.18879	3.328e-294
0	4.31969	3.07467e-294
0	4.45059	2.35325e-294
0	4.58149	1.27357e-294
0	4.71239	2.62147e-307
0	4.84329	-1.27357e-294
0	4.97419	-2.35325e-294
0	5.10509	-3.07467e-294
0	5.23599	-3.328e-294
0	5.36689	-3.07467e-294
0	5.49779	-2.35325e-294
0	5.62869	-1.27357e-294
0	5.75959	-1.24476e-307
0	5.89049	1.27357e-294
0	6.02139	2.35325e-294
0	6.15229	3.07467e-294

0.261799	0	1.44239e-307
0.261799	0.1309	-1.27357e-294
0.261799	0.261799	-2.35325e-294
0.261799	0.392699	-3.07467e-294
0.261799	0.523599	-3.328e-294
0.261799	0.654498	-3.07467e-294
0.261799	0.785398	-2.35325e-294
0.261799	0.916298	-1.27357e-294
0.261799	1.0472	-2.75764e-307
0.261799	1.1781	1.27357e-294
0.261799	1.309	2.35325e-294
0.261799	1.4399	3.07467e-294
0.261799	1.5708	3.328e-294
0.261799	1.7017	3.07467e-294
0.261799	1.8326	2.35325e-294
0.261799	1.9635	1.27357e-294
0.261799	2.0944	2.23122e-307
0.261799	2.22529	-1.27357e-294
0.261799	2.35619	-2.35325e-294
0.261799	2.48709	-3.07467e-294
0.261799	2.61799	-3.328e-294
0.261799	2.74889	-3.07467e-294
0.261799	2.87979	-2.35325e-294
0.261799	3.01069	-1.27357e-294
0.261799	3.14159	2.7231e-308
0.261799	3.27249	1.27357e-294
0.261799	3.40339	2.35325e-294
0.261799	3.53429	3.07467e-294
0.261799	3.66519	3.328e-294
0.261799	3.79609	3.07467e-294
0.261799	3.92699	2.35325e-294
0.261799	4.05789	1.27357e-294
0.261799	4.18879	-2.08137e-307
0.261799	4.31969	-1.27357e-294
0.261799	4.45059	-2.35325e-294
0.261799	4.58149	-3.07467e-294
0.261799	4.71239	-3.328e-294
0.261799	4.84329	-3.07467e-294
0.261799	4.97419	-2.35325e-294
0.261799	5.10509	-1.27357e-294
0.261799	5.23599	1.41935e-307
0.261799	5.36689	1.27357e-294
0.261799	5.49779	2.35325e-294
0.261799	5.62869	3.07467e-294
0.261799	5.75959	3.328e-294
0.261799	5.89049	3.07467e-294
0.261799	6.02139	2.35325e-294
0.261799	6.15229	1.27357e-294

0.523599	0	-3.328e-294
0.523599	0.1309	-3.07467e-294
0.523599	0.261799	-2.35325e-294
0.523599	0.392699	-1.27357e-294
0.523599	0.523599	2.87413e-307
0.523599	0.654498	1.27357e-294
0.523599	0.785398	2.35325e-294
0.523599	0.916298	3.07467e-294
0.523599	1.0472	3.328e-294
0.523599	1.1781	3.07467e-294
0.523599	1.309	2.35325e-294
0.523599	1.4399	1.27357e-294
0.523599	1.5708	-2.97263e-307
0.523599	1.7017	-1.27357e-294
0.523599	1.8326	-2.35325e-294
0.523599	1.9635	-3.07467e-294
0.523599	2.0944	-3.328e-294
0.523599	2.22529	-3.07467e-294
0.523599	2.35619	-2.35325e-294
0.523599	2.48709	-1.27357e-294
0.523599	2.61799	6.6213e-308
0.523599	2.74889	1.27357e-294
0.523599	2.87979	2.35325e-294
0.523599	3.01069	3.07467e-294
0.523599	3.14159	3.328e-294
0.523599	3.27249	3.07467e-294
0.523599	3.40339	2.35325e-294
0.523599	3.53429	1.27357e-294
0.523599	3.66519	1.56504e-307
0.523599	3.79609	-1.27357e-294
0.523599	3.92699	-2.35325e-294
0.523599	4.05789	-3.07467e-294
0.523599	4.18879	-3.328e-294
0.523599	4.31969	-3.07467e-294
0.523599	4.45059	-2.35325e-294
0.523599	4.58149	-1.27357e-294
0.523599	4.71239	-1.49224e-307
0.523599	4.84329	1.27357e-294
0.523599	4.97419	2.35325e-294
0.523599	5.10509	3.07467e-294
0.523599	5.23599	3.328e-294
0.523599	5.36689	3.07467e-294
0.523599	5.49779	2.35325e-294
0.523599	5.62869	1.27357e-294
0.523599	5.75959	-5.98249e-308
0.523599	5.89049	-1.27357e-294
0.523599	6.02139	-2.35325e-294
0.523599	6.15229	-3.07467e-294

0.785398	0	-2.93967e-307
0.785398	0.1309	1.27357e-294
0.785398	0.261799	2.35325e-294
0.785398	0.392699	3.07467e-294
0.785398	0.523599	3.328e-294
0.785398	0.654498	3.07467e-294
0.785398	0.785398	2.35325e-294
0.785398	0.916298	1.27357e-294
0.785398	1.0472	3.43824e-307
0.785398	1.1781	-1.27357e-294
0.785398	1.309	-2.35325e-294
0.785398	1.4399	-3.07467e-294
0.785398	1.5708	-3.328e-294
0.785398	1.7017	-3.07467e-294
0.785398	1.8326	-2.35325e-294
0.785398	1.9635	-1.27357e-294
0.785398	2.0944	-1.65984e-307
0.785398	2.22529	1.27357e-294
0.785398	2.35619	2.35325e-294
0.785398	2.48709	3.07467e-294
0.785398	2.61799	3.328e-294
0.785398	2.74889	3.07467e-294
0.785398	2.87979	2.35325e-294
0.785398	3.01069	1.27357e-294
0.785398	3.14159	-8.33524e-308
0.785398	3.27249	-1.27357e-294
0.785398	3.40339	-2.35325e-294
0.785398	3.53429	-3.07467e-294
0.785398	3.66519	-3.328e-294
0.785398	3.79609	-3.07467e-294
0.785398	3.92699	-2.35325e-294
0.785398	4.05789	-1.27357e-294
0.785398	4.18879	1.51522e-307
0.785398	4.31969	1.27357e-294
0.785398	4.45059	2.35325e-294
0.785398	4.58149	3.07467e-294
0.785398	4.71239	3.328e-294
0.785398	4.84329	3.07467e-294
0.785398	4.97419	2.35325e-294
0.785398	5.10509	1.27357e-294
0.785398	5.23599	2.24934e-308
0.785398	5.36689	-1.27357e-294
0.785398	5.49779	-2.35325e-294
0.785398	5.62869	-3.07467e-294
0.785398	5.75959	-3.328e-294
0.785398	5.89049	-3.07467e-294
0.785398	6.02139	-2.35325e-294
0.785398	6.15229	-1.27357e-294

1.0472	0	3.328e-294
1.0472	0.1309	3.07467e-294
1.0472	0.261799	2.35325e-294
1.0472	0.392699	1.27357e-294
1.0472	0.523599	-3.80094e-307
1.0472	0.654498	-1.27357e-294
1.0472	0.785398	-2.35325e-294
1.0472	0.916298	-3.07467e-294
1.0472	1.0472	-3.328e-294
1.0472	1.1781	-3.07467e-294
1.0472	1.309	-2.35325e-294
1.0472	1.4399	-1.27357e-294
1.0472	1.5708	2.4137e-307
1.0472	1.7017	1.27357e-294
1.0472	1.8326	2.35325e-294
1.0472	1.9635	3.07467e-294
1.0472	2.0944	3.328e-294
1.0472	2.22529	3.07467e-294
1.0472	2.35619	2.35325e-294
1.0472	2.48709	1.27357e-294
1.0472	2.61799	1.07949e-308
1.0472	2.74889	-1.27357e-294
1.0472	2.87979	-2.35325e-294
1.0472	3.01069	-3.07467e-294
1.0472	3.14159	-3.328e-294
1.0472	3.27249	-3.07467e-294
1.0472	3.40339	-2.35325e-294
1.0472	3.53429	-1.27357e-294
1.0472	3.66519	-1.42129e-307
1.0472	3.79609	1.27357e-294
1.0472	3.92699	2.35325e-294
1.0472	4.05789	3.07467e-294
1.0472	4.18879	3.328e-294
1.0472	4.31969	3.07467e-294
1.0472	4.45059	2.35325e-294
1.0472	4.58149	1.27357e-294
1.0472	4.71239	5.68684e-309
1.0472	4.84329	-1.27357e-294
1.0472	4.97419	-2.35325e-294
1.0472	5.10509	-3.07467e-294
1.0472	5.23599	-3.328e-294
1.0472	5.36689	-3.07467e-294
1.0472	5.49779	-2.35325e-294
1.0472	5.62869	-1.27357e-294
1.0472	5.75959	2.48048e-307
1.0472	5.89049	1.27357e-294
1.0472	6.02139	2.35325e-294
1.0472	6.15229	3.07467e-294

1.309	0	3.45932e-307
1.309	0.1309	-1.27357e-294
1.309	0.261799	-2.35325e-294
1.309	0.392699	-3.07467e-294
1.309	0.523599	-3.328e-294
1.309	0.654498	-3.07467e-294
1.309	0.785398	-2.35325e-294
1.309	0.916298	-1.27357e-294
1.309	1.0472	-3.08793e-307
1.309	1.1781	1.27357e-294
1.309	1.309	2.35325e-294
1.309	1.4399	3.07467e-294
1.309	1.5708	3.328e-294
1.309	1.7017	3.07467e-294
1.309	1.8326	2.35325e-294
1.309	1.9635	1.27357e-294
1.309	2.0944	6.66637e-308
1.309	2.22529	-1.27357e-294
1.309	2.35619	-2.35325e-294
1.309	2.48709	-3.07467e-294
1.309	2.61799	-3.328e-294
1.309	2.74889	-3.07467e-294
1.309	2.87979	-2.35325e-294
1.309	3.01069	-1.27357e-294
1.309	3.14159	1.21871e-307
1.309	3.27249	1.27357e-294
1.309	3.40339	2.35325e-294
1.309	3.53429	3.07467e-294
1.309	3.66519	3.328e-294
1.309	3.79609	3.07467e-294
1.309	3.92699	2.35325e-294
1.309	4.05789	1.27357e-294
1.309	4.18879	-5.5347e-308
1.309	4.31969	-1.27357e-294
1.309	4.45059	-2.35325e-294
1.309	4.58149	-3.07467e-294
1.309	4.71239	-3.328e-294
1.309	4.84329	-3.07467e-294
1.309	4.97419	-2.35325e-294
1.309	5.10509	-1.27357e-294
1.309	5.23599	-1.96131e-307
1.309	5.36689	1.27357e-294
1.309	5.49779	2.35325e-294
1.309	5.62869	3.07467e-294
1.309	5.75959	3.328e-294
1.309	5.89049	3.07467e-294
1.309	6.02139	2.35325e-294
1.309	6.15229	1.27357e-294

1.5708	0	-3.328e-294
1.5708	0.1309	-3.07467e-294
1.5708	0.261799	-2.35325e-294
1.5708	0.392699	-1.27357e-294
1.5708	0.523599	3.55896e-307
1.5708	0.654498	1.27357e-294
1.5708	0.785398	2.35325e-294
1.5708	0.916298	3.07467e-294
1.5708	1.0472	3.328e-294
1.5708	1.1781	3.07467e-294
1.5708	1.309	2.35325e-294
1.5708	1.4399	1.27357e-294
1.5708	1.5708	-1.31444e-307
1.5708	1.7017	-1.27357e-294
1.5708	1.8326	-2.35325e-294
1.5708	1.9635	-3.07467e-294
1.5708	2.0944	-3.328e-294
1.5708	2.22529	-3.07467e-294
1.5708	2.35619	-2.35325e-294
1.5708	2.48709	-1.27357e-294
1.5708	2.61799	-8.81694e-308
1.5708	2.74889	1.27357e-294
1.5708	2.87979	2.35325e-294
1.5708	3.01069	3.07467e-294
1.5708	3.14159	3.328e-294
1.5708	3.27249	3.07467e-294
1.5708	3.40339	2.35325e-294
1.5708	3.53429	1.27357e-294
1.5708	3.66519	8.69498e-308
1.5708	3.79609	-1.27357e-294
1.5708	3.92699	-2.35325e-294
1.5708	4.05789	-3.07467e-294
1.5708	4.18879	-3.328e-294
1.5708	4.31969	-3.07467e-294
1.5708	4.45059	-2.35325e-294
1.5708	4.58149	-1.27357e-294
1.5708	4.71239	1.28649e-307
1.5708	4.84329	1.27357e-294
1.5708	4.97419	2.35325e-294
1.5708	5.10509	3.07467e-294
1.5708	5.23599	3.328e-294
1.5708	5.36689	3.07467e-294
1.5708	5.49779	2.35325e-294
1.5708	5.62869	1.27357e-294
1.5708	5.75959	-3.60233e-307
1.5708	5.89049	-1.27357e-294
1.5708	6.02139	-2.35325e-294
1.5708	6.15229	-3.07467e-294

1.8326	0	-3.57789e-307
1.8326	0.1309	1.27357e-294
1.8326	0.261799	2.35325e-294
1.8326	0.392699	3.07467e-294
1.8326	0.523599	3.328e-294
1.8326	0.654498	3.07467e-294
1.8326	0.785398	2.35325e-294
1.8326	0.916298	1.27357e-294
1.8326	1.0472	1.96828e-307
1.8326	1.1781	-1.27357e-294
1.8326	1.309	-2.35325e-294
1.8326	1.4399	-3.07467e-294
1.8326	1.5708	-3.328e-294
1.8326	1.7017	-3.07467e-294
1.8326	1.8326	-2.35325e-294
1.8326	1.9635	-1.27357e-294
1.8326	2.0944	4.38662e-308
1.8326	2.22529	1.27357e-294
1.8326	2.35619	2.35325e-294
1.8326	2.48709	3.07467e-294
1.8326	2.61799	3.328e-294
1.8326	2.74889	3.07467e-294
1.8326	2.87979	2.35325e-294
1.8326	3.01069	1.27357e-294
1.8326	3.14159	-1.21869e-307
1.8326	3.27249	-1.27357e-294
1.8326	3.40339	-2.35325e-294
1.8326	3.53429	-3.07467e-294
1.8326	3.66519	-3.328e-294
1.8326	3.79609	-3.07467e-294
1.8326	3.92699	-2.35325e-294
1.8326	4.05789	-1.27357e-294
1.8326	4.18879	-6.35483e-308
1.8326	4.31969	1.27357e-294
1.8326	4.45059	2.35325e-294
1.8326	4.58149	3.07467e-294
1.8326	4.71239	3.328e-294
1.8326	4.84329	3.07467e-294
1.8326	4.97419	2.35325e-294
1.8326	5.10509	1.27357e-294
1.8326	5.23599	3.01836e-307
1.8326	5.36689	-1.27357e-294
1.8326	5.49779	-2.35325e-294
1.8326	5.62869	-3.07467e-294
1.8326	5.75959	-3.328e-294
1.8326	5.89049	-3.07467e-294
1.8326	6.02139	-2.35325e-294
1.8326	6.15229	-1.27357e-294

2.0944	0	3.328e-294
2.0944	0.1309	3.07467e-294
2.0944	0.261799	2.35325e-294
2.0944	0.392699	1.27357e-294
2.0944	0.523599	-2.40406e-307
2.0944	0.654498	-1.27357e-294
2.0944	0.785398	-2.35325e-294
2.0944	0.916298	-3.07467e-294
2.0944	1.0472	-3.328e-294
2.0944	1.1781	-3.07467e-294
2.0944	1.309	-2.35325e-294
2.0944	1.4399	-1.27357e-294
2.0944	1.5708	-1.34343e-308
2.0944	1.7017	1.27357e-294
2.0944	1.8326	2.35325e-294
2.0944	1.9635	3.07467e-294
2.0944	2.0944	3.328e-294
2.0944	2.22529	3.07467e-294
2.0944	2.35619	2.35325e-294
2.0944	2.48709	1.27357e-294
2.0944	2.61799	1.395e-307
2.0944	2.74889	-1.27357e-294
2.0944	2.87979	-2.35325e-294
2.0944	3.01069	-3.07467e-294
2.0944	3.14159	-3.328e-294
2.0944	3.27249	-3.07467e-294
2.0944	3.40339	-2.35325e-294
2.0944	3.53429	-1.27357e-294
2.0944	3.66519	-5.58579e-309
2.0944	3.79609	1.27357e-294
2.0944	3.92699	2.35325e-294
2.0944	4.05789	3.07467e-294
2.0944	4.18879	3.328e-294
2.0944	4.31969	3.07467e-294
2.0944	4.45059	2.35325e-294
2.0944	4.58149	1.27357e-294
2.0944	4.71239	-2.40217e-307
2.0944	4.84329	-1.27357e-294
2.0944	4.97419	-2.35325e-294
2.0944	5.10509	-3.07467e-294
2.0944	5.23599	-3.328e-294
2.0944	5.36689	-3.07467e-294
2.0944	5.49779	-2.35325e-294
2.0944	5.62869	-1.27357e-294
2.0944	5.75959	3.68805e-307
2.0944	5.89049	1.27357e-294
2.0944	6.02139	2.35325e-294
2.0944	6.15229	3.07467e-294

2.35619	0	2.60665e-307
2.35619	0.1309	-1.27357e-294
2.35619	0.261799	-2.35325e-294
2.35619	0.392699	-3.07467e-294
2.35619	0.523599	-3.328e-294
2.35619	0.654498	-3.07467e-294
2.35619	0.785398	-2.35325e-294
2.35619	0.916298	-1.27357e-294
2.35619	1.0472	-3.29695e-308
2.35619	1.1781	1.27357e-294
2.35619	1.309	2.35325e-294
2.35619	1.4399	3.07467e-294
2.35619	1.5708	3.328e-294
2.35619	1.7017	3.07467e-294
2.35619	1.8326	2.35325e-294
2.35619	1.9635	1.27357e-294
2.35619	2.0944	-1.54114e-307
2.35619	2.22529	-1.27357e-294
2.35619	2.35619	-2.35325e-294
2.35619	2.48709	-3.07467e-294
2.35619	2.61799	-3.328e-294
2.35619	2.74889	-3.07467e-294
2.35619	2.87979	-2.35325e-294
2.35619	3.01069	-1.27357e-294
2.35619	3.14159	9.16925e-308
2.35619	3.27249	1.27357e-294
2.35619	3.40339	2.35325e-294
2.35619	3.53429	3.07467e-294
2.35619	3.66519	3.328e-294
2.35619	3.79609	3.07467e-294
2.35619	3.92699	2.35325e-294
2.35619	4.05789	1.27357e-294
2.35619	4.18879	1.60275e-307
2.35619	4.31969	-1.27357e-294
2.35619	4.45059	-2.35325e-294
2.35619	4.58149	-3.07467e-294
2.35619	4.71239	-3.328e-294
2.35619	4.84329	-3.07467e-294
2.35619	4.97419	-2.35325e-294
2.35619	5.10509	-1.27357e-294
2.35619	5.23599	-3.33344e-307
2.35619	5.36689	1.27357e-294
2.35619	5.49779	2.35325e-294
2.35619	5.62869	3.07467e-294
2.35619	5.75959	3.328e-294
2.35619	5.89049	3.07467e-294
2.35619	6.02139	2.35325e-294
2.35619	6.15229	1.27357e-294

2.61799	0	-3.328e-294
2.61799	0.1309	-3.07467e-294
2.61799	0.261799	-2.35325e-294
2.61799	0.392699	-1.27357e-294
2.61799	0.523599	6.45285e-308
2.61799	0.654498	1.27357e-294
2.61799	0.785398	2.35325e-294
2.61799	0.916298	3.07467e-294
2.61799	1.0472	3.328e-294
2.61799	1.1781	3.07467e-294
2.61799	1.309	2.35325e-294
2.61799	1.4399	1.27357e-294
2.61799	1.5708	1.55941e-307
2.61799	1.7017	-1.27357e-294
2.61799	1.8326	-2.35325e-294
2.61799	1.9635	-3.07467e-294
2.61799	2.0944	-3.328e-294
2.61799	2.22529	-3.07467e-294
2.61799	2.35619	-2.35325e-294
2.61799	2.48709	-1.27357e-294
2.61799	2.61799	-1.53381e-307
2.61799	2.74889	1.27357e-294
2.61799	2.87979	2.35325e-294
2.61799	3.01069	3.07467e-294
2.61799	3.14159	3.328e-294
2.61799	3.27249	3.07467e-294
2.61799	3.40339	2.35325e-294
2.61799	3.53429	1.27357e-294
2.61799	3.66519	-6.53655e-308
2.61799	3.79609	-1.27357e-294
2.61799	3.92699	-2.35325e-294
2.61799	4.05789	-3.07467e-294
2.61799	4.18879	-3.328e-294
2.61799	4.31969	-3.07467e-294
2.61799	4.45059	-2.35325e-294
2.61799	4.58149	-1.27357e-294
2.61799	4.71239	2.8882e-307
2.61799	4.84329	1.27357e-294
2.61799	4.97419	2.35325e-294
2.61799	5.10509	3.07467e-294
2.61799	5.23599	3.328e-294
2.61799	5.36689	3.07467e-294
2.61799	5.49779	2.35325e-294
2.61799	5.62869	1.27357e-294
2.61799	5.75959	-2.86724e-307
2.61799	5.89049	-1.27357e-294
2.61799	6.02139	-2.35325e-294
2.61799	6.15229	-3.07467e-294

2.87979	0	-9.90789e-308
2.87979	0.1309	1.27357e-294
2.87979	0.261799	2.35325e-294
2.87979	0.392699	3.07467e-294
2.87979	0.523599	3.328e-294
2.87979	0.654498	3.07467e-294
2.87979	0.785398	2.35325e-294
2.87979	0.916298	1.27357e-294
2.87979	1.0472	-1.43329e-307
2.87979	1.1781	-1.27357e-294
2.87979	1.309	-2.35325e-294
2.87979	1.4399	-3.07467e-294
2.87979	1.5708	-3.328e-294
2.87979	1.7017	-3.07467e-294
2.87979	1.8326	-2.35325e-294
2.87979	1.9635	-1.27357e-294
2.87979	2.0944	2.13339e-307
2.87979	2.22529	1.27357e-294
2.87979	2.35619	2.35325e-294
2.87979	2.48709	3.07467e-294
2.87979	2.61799	3.328e-294
2.87979	2.74889	3.07467e-294
2.87979	2.87979	2.35325e-294
2.87979	3.01069	1.27357e-294
2.87979	3.14159	-3.5573e-308
2.87979	3.27249	-1.27357e-294
2.87979	3.40339	-2.35325e-294
2.87979	3.53429	-3.07467e-294
2.87979	3.66519	-3.328e-294
2.87979	3.79609	-3.07467e-294
2.87979	3.92699	-2.35325e-294
2.87979	4.05789	-1.27357e-294
2.87979	4.18879	-2.11656e-307
2.87979	4.31969	1.27357e-294
2.87979	4.45059	2.35325e-294
2.87979	4.58149	3.07467e-294
2.87979	4.71239	3.328e-294
2.87979	4.84329	3.07467e-294
2.87979	4.97419	2.35325e-294
2.87979	5.10509	1.27357e-294
2.87979	5.23599	2.83415e-307
2.87979	5.36689	-1.27357e-294
2.87979	5.49779	-2.35325e-294
2.87979	5.62869	-3.07467e-294
2.87979	5.75959	-3.328e-294
2.87979	5.89049	-3.07467e-294
2.87979	6.02139	-2.35325e-294
2.87979	6.15229	-1.27357e-294

3.14159	0	3.328e-294
3.14159	0.1309	3.07467e-294
3.14159	0.261799	2.35325e-294
3.14159	0.392699	1.27357e-294
3.14159	0.523599	1.27067e-307
3.14159	0.654498	-1.27357e-294
3.14159	0.785398	-2.35325e-294
3.14159	0.916298	-3.07467e-294
3.14159	1.0472	-3.328e-294
3.14159	1.1781	-3.07467e-294
3.14159	1.309	-2.35325e-294
3.14159	1.4399	-1.27357e-294
3.14159	1.5708	-2.51031e-307
3.14159	1.7017	1.27357e-294
3.14159	1.8326	2.35325e-294
3.14159	1.9635	3.07467e-294
3.14159	2.0944	3.328e-294
3.14159	2.22529	3.07467e-294
3.14159	2.35619	2.35325e-294
3.14159	2.48709	1.27357e-294
3.14159	2.61799	1.21905e-307
3.14159	2.74889	-1.27357e-294
3.14159	2.87979	-2.35325e-294
3.14159	3.01069	-3.07467e-294
3.14159	3.14159	-3.328e-294
3.14159	3.27249	-3.07467e-294
3.14159	3.40339	-2.35325e-294
3.14159	3.53429	-1.27357e-294
3.14159	3.66519	1.21905e-307
3.14159	3.79609	1.27357e-294
3.14159	3.92699	2.35325e-294
3.14159	4.05789	3.07467e-294
3.14159	4.18879	3.328e-294
3.14159	4.31969	3.07467e-294
3.14159	4.45059	2.35325e-294
3.14159	4.58149	1.27357e-294
3.14159	4.71239	-2.51031e-307
3.14159	4.84329	-1.27357e-294
3.14159	4.97419	-2.35325e-294
3.14159	5.10509	-3.07467e-294
3.14159	5.23599	-3.328e-294
3.14159	5.36689	-3.07467e-294
3.14159	5.49779	-2.35325e-294
3.14159	5.62869	-1.27357e-294
3.14159	5.75959	1.27067e-307
3.14159	5.89049	1.27357e-294
3.14159	6.02139	2.35325e-294
3.14159	6.15229	3.07467e-294

3.40339	0	-9.90789e-308
3.40339	0.1309	-1.27357e-294
3.40339	0.261799	-2.35325e-294
3.40339	0.392699	-3.07467e-294
3.40339	0.523599	-3.328e-294
3.40339	0.654498	-3.07467e-294
3.40339	0.785398	-2.35325e-294
3.40339	0.916298	-1.27357e-294
3.40339	1.0472	2.83415e-307
3.40339	1.1781	1.27357e-294
3.40339	1.309	2.35325e-294
3.40339	1.4399	3.07467e-294
3.40339	1.5708	3.328e-294
3.40339	1.7017	3.07467e-294
3.40339	1.8326	2.35325e-294
3.40339	1.9635	1.27357e-294
3.40339	2.0944	-2.11656e-307
3.40339	2.22529	-1.27357e-294
3.40339	2.35619	-2.35325e-294
3.40339	2.48709	-3.07467e-294
3.40339	2.61799	-3.328e-294
3.40339	2.74889	-3.07467e-294
3.40339	2.87979	-2.35325e-294
3.40339	3.01069	-1.27357e-294
3.40339	3.14159	-3.5573e-308
3.40339	3.27249	1.27357e-294
3.40339	3.40339	2.35325e-294
3.40339	3.53429	3.07467e-294
3.40339	3.66519	3.328e-294
3.40339	3.79609	3.07467e-294
3.40339	3.92699	2.35325e-294
3.40339	4.05789	1.27357e-294
3.40339	4.18879	2.13339e-307
3.40339	4.31969	-1.27357e-294
3.40339	4.45059	-2.35325e-294
3.40339	4.58149	-3.07467e-294
3.40339	4.71239	-3.328e-294
3.40339	4.84329	-3.07467e-294
3.40339	4.97419	-2.35325e-294
3.40339	5.10509	-1.27357e-294
3.40339	5.23599	-1.43329e-307
3.40339	5.36689	1.27357e-294
3.40339	5.49779	2.35325e-294
3.40339	5.62869	3.07467e-294
3.40339	5.75959	3.328e-294
3.40339	5.89049	3.07467e-294
3.40339	6.02139	2.35325e-294
3.40339	6.15229	1.27357e-294

3.66519	0	-3.328e-294
3.66519	0.1309	-3.07467e-294
3.66519	0.261799	-2.35325e-294
3.66519	0.392699	-1.27357e-294
3.66519	0.523599	-2.86724e-307
3.66519	0.654498	1.27357e-294
3.66519	0.785398	2.35325e-294
3.66519	0.916298	3.07467e-294
3.66519	1.0472	3.328e-294
3.66519	1.1781	3.07467e-294
3.66519	1.309	2.35325e-294
3.66519	1.4399	1.27357e-294
3.66519	1.5708	2.8882e-307
3.66519	1.7017	-1.27357e-294
3.66519	1.8326	-2.35325e-294
3.66519	1.9635	-3.07467e-294
3.66519	2.0944	-3.328e-294
3.66519	2.22529	-3.07467e-294
3.66519	2.35619	-2.35325e-294
3.66519	2.48709	-1.27357e-294
3.66519	2.61799	-6.53655e-308
3.66519	2.74889	1.27357e-294
3.66519	2.87979	2.35325e-294
3.66519	3.01069	3.07467e-294
3.66519	3.14159	3.328e-294
3.66519	3.27249	3.07467e-294
3.66519	3.40339	2.35325e-294
3.66519	3.53429	1.27357e-294
3.66519	3.66519	-1.53381e-307
3.66519	3.79609	-1.27357e-294
3.66519	3.92699	-2.35325e-294
3.66519	4.05789	-3.07467e-294
3.66519	4.18879	-3.328e-294
3.66519	4.31969	-3.07467e-294
3.66519	4.45059	-2.35325e-294
3.66519	4.58149	-1.27357e-294
3.66519	4.71239	1.55941e-307
3.66519	4.84329	1.27357e-294
3.66519	4.97419	2.35325e-294
3.66519	5.10509	3.07467e-294
3.66519	5.23599	3.328e-294
3.66519	5.36689	3.07467e-294
3.66519	5.49779	2.35325e-294
3.66519	5.62869	1.27357e-294
3.66519	5.75959	6.45285e-308
3.66519	5.89049	-1.27357e-294
3.66519	6.02139	-2.35325e-294
3.66519	6.15229	-3.07467e-294

3.92699	0	2.60665e-307
3.92699	0.1309	1.27357e-294
3.92699	0.261799	2.35325e-294
3.92699	0.392699	3.07467e-294
3.92699	0.523599	3.328e-294
3.92699	0.654498	3.07467e-294
3.92699	0.785398	2.35325e-294
3.92699	0.916298	1.27357e-294
3.92699	1.0472	-3.33344e-307
3.92699	1.1781	-1.27357e-294
3.92699	1.309	-2.35325e-294
3.92699	1.4399	-3.07467e-294
3.92699	1.5708	-3.328e-294
3.92699	1.7017	-3.07467e-294
3.92699	1.8326	-2.35325e-294
3.92699	1.9635	-1.27357e-294
3.92699	2.0944	1.60275e-307
3.92699	2.22529	1.27357e-294
3.92699	2.35619	2.35325e-294
3.92699	2.48709	3.07467e-294
3.92699	2.61799	3.328e-294
3.92699	2.74889	3.07467e-294
3.92699	2.87979	2.35325e-294
3.92699	3.01069	1.27357e-294
3.92699	3.14159	9.16925e-308
3.92699	3.27249	-1.27357e-294
3.92699	3.40339	-2.35325e-294
3.92699	3.53429	-3.07467e-294
3.92699	3.66519	-3.328e-294
3.92699	3.79609	-3.07467e-294
3.92699	3.92699	-2.35325e-294
3.92699	4.05789	-1.27357e-294
3.92699	4.18879	-1.54114e-307
3.92699	4.31969	1.27357e-294
3.92699	4.45059	2.35325e-294
3.92699	4.58149	3.07467e-294
3.92699	4.71239	3.328e-294
3.92699	4.84329	3.07467e-294
3.92699	4.97419	2.35325e-294
3.92699	5.10509	1.27357e-294
3.92699	5.23599	-3.29695e-308
3.92699	5.36689	-1.27357e-294
3.92699	5.49779	-2.35325e-294
3.92699	5.62869	-3.07467e-294
3.92699	5.75959	-3.328e-294
3.92699	5.89049	-3.07467e-294
3.92699	6.02139	-2.35325e-294
3.92699	6.15229	-1.27357e-294

4.18879	0	3.328e-294
4.18879	0.1309	3.07467e-294
4.18879	0.261799	2.35325e-294
4.18879	0.392699	1.27357e-294
4.18879	0.523599	3.68805e-307
4.18879	0.654498	-1.27357e-294
4.18879	0.785398	-2.35325e-294
4.18879	0.916298	-3.07467e-294
4.18879	1.0472	-3.328e-294
4.18879	1.1781	-3.07467e-294
4.18879	1.309	-2.35325e-294
4.18879	1.4399	-1.27357e-294
4.18879	1.5708	-2.40217e-307
4.18879	1.7017	1.27357e-294
4.18879	1.8326	2.35325e-294
4.18879	1.9635	3.07467e-294
4.18879	2.0944	3.328e-294
4.18879	2.22529	3.07467e-294
4.18879	2.35619	2.35325e-294
4.18879	2.48709	1.27357e-294
4.18879	2.61799	-5.58579e-309
4.18879	2.74889	-1.27357e-294
4.18879	2.87979	-2.35325e-294
4.18879	3.01069	-3.07467e-294
4.18879	3.14159	-3.328e-294
4.18879	3.27249	-3.07467e-294
4.18879	3.40339	-2.35325e-294
4.18879	3.53429	-1.27357e-294
4.18879	3.66519	1.395e-307
4.18879	3.79609	1.27357e-294
4.18879	3.92699	2.35325e-294
4.18879	4.05789	3.07467e-294
4.18879	4.18879	3.328e-294
4.18879	4.31969	3.07467e-294
4.18879	4.45059	2.35325e-294
4.18879	4.58149	1.27357e-294
4.18879	4.71239	-1.34343e-308
4.18879	4.84329	-1.27357e-294
4.18879	4.97419	-2.35325e-294
4.18879	5.10509	-3.07467e-294
4.18879	5.23599	-3.328e-294
4.18879	5.36689	-3.07467e-294
4.18879	5.49779	-2.35325e-294
4.18879	5.62869	-1.27357e-294
4.18879	5.75959	-2.40406e-307
4.18879	5.89049	1.27357e-294
4.18879	6.02139	2.35325e-294
4.18879	6.15229	3.07467e-294

4.45059	0	-3.57789e-307
4.45059	0.1309	-1.27357e-294
4.45059	0.261799	-2.35325e-294
4.45059	0.392699	-3.07467e-294
4.45059	0.523599	-3.328e-294
4.45059	0.654498	-3.07467e-294
4.45059	0.785398	-2.35325e-294
4.45059	0.916298	-1.27357e-294
4.45059	1.0472	3.01836e-307
4.45059	1.1781	1.27357e-294
4.45059	1.309	2.35325e-294
4.45059	1.4399	3.07467e-294
4.45059	1.5708	3.328e-294
4.45059	1.7017	3.07467e-294
4.45059	1.8326	2.35325e-294
4.45059	1.9635	1.27357e-294
4.45059	2.0944	-6.35483e-308
4.45059	2.22529	-1.27357e-294
4.45059	2.35619	-2.35325e-294
4.45059	2.48709	-3.07467e-294
4.45059	2.61799	-3.328e-294
4.45059	2.74889	-3.07467e-294
4.45059	2.87979	-2.35325e-294
4.45059	3.01069	-1.27357e-294
4.45059	3.14159	-1.21869e-307
4.45059	3.27249	1.27357e-294
4.45059	3.40339	2.35325e-294
4.45059	3.53429	3.07467e-294
4.45059	3.66519	3.328e-294
4.45059	3.79609	3.07467e-294
4.45059	3.92699	2.35325e-294
4.45059	4.05789	1.27357e-294
4.45059	4.18879	4.38662e-308
4.45059	4.31969	-1.27357e-294
4.45059	4.45059	-2.35325e-294
4.45059	4.58149	-3.07467e-294
4.45059	4.71239	-3.328e-294
4.45059	4.84329	-3.07467e-294
4.45059	4.97419	-2.35325e-294
4.45059	5.10509	-1.27357e-294
4.45059	5.23599	1.96828e-307
4.45059	5.36689	1.27357e-294
4.45059	5.49779	2.35325e-294
4.45059	5.62869	3.07467e-294
4.45059	5.75959	3.328e-294
4.45059	5.89049	3.07467e-294
4.45059	6.02139	2.35325e-294
4.45059	6.15229	1.27357e-294

4.71239	0	-3.328e-294
4.71239	0.1309	-3.07467e-294
4.71239	0.261799	-2.35325e-294
4.71239	0.392699	-1.27357e-294
4.71239	0.523599	-3.60233e-307
4.71239	0.654498	1.27357e-294
4.71239	0.785398	2.35325e-294
4.71239	0.916298	3.07467e-294
4.71239	1.0472	3.328e-294
4.71239	1.1781	3.07467e-294
4.71239	1.309	2.35325e-294
4.71239	1.4399	1.27357e-294
4.71239	1.5708	1.28649e-307
4.71239	1.7017	-1.27357e-294
4.71239	1.8326	-2.35325e-294
4.71239	1.9635	-3.07467e-294
4.71239	2.0944	-3.328e-294
4.71239	2.22529	-3.07467e-294
4.71239	2.35619	-2.35325e-294
4.71239	2.48709	-1.27357e-294
4.71239	2.61799	8.69498e-308
4.71239	2.74889	1.27357e-294
4.71239	2.87979	2.35325e-294
4.71239	3.01069	3.07467e-294
4.71239	3.14159	3.328e-294
4.71239	3.27249	3.07467e-294
4.71239	3.40339	2.35325e-294
4.71239	3.53429	1.27357e-294
4.71239	3.66519	-8.81694e-308
4.71239	3.79609	-1.27357e-294
4.71239	3.92699	-2.35325e-294
4.71239	4.05789	-3.07467e-294
4.71239	4.18879	-3.328e-294
4.71239	4.31969	-3.07467e-294
4.71239	4.45059	-2.35325e-294
4.71239	4.58149	-1.27357e-294
4.71239	4.71239	-1.31444e-307
4.71239	4.84329	1.27357e-294
4.71239	4.97419	2.35325e-294
4.71239	5.10509	3.07467e-294
4.71239	5.23599	3.328e-294
4.71239	5.36689	3.07467e-294
4.71239	5.49779	2.35325e-294
4.71239	5.62869	1.27357e-294
4.71239	5.75959	3.55896e-307
4.71239	5.89049	-1.27357e-294
4.71239	6.02139	-2.35325e-294
4.71239	6.15229	-3.07467e-294

4.97419	0	3.45932e-307
4.97419	0.1309	1.27357e-294
4.97419	0.261799	2.35325e-294
4.97419	0.392699	3.07467e-294
4.97419	0.523599	3.328e-294
4.97419	0.654498	3.07467e-294
4.97419	0.785398	2.35325e-294
4.97419	0.916298	1.27357e-294
4.97419	1.0472	-1.96131e-307
4.97419	1.1781	-1.27357e-294
4.97419	1.309	-2.35325e-294
4.97419	1.4399	-3.07467e-294
4.97419	1.5708	-3.328e-294
4.97419	1.7017	-3.07467e-294
4.97419	1.8326	-2.35325e-294
4.97419	1.9635	-1.27357e-294
4.97419	2.0944	-5.5347e-308
4.97419	2.22529	1.27357e-294
4.97419	2.35619	2.35325e-294
4.97419	2.48709	3.07467e-294
4.97419	2.61799	3.328e-294
4.97419	2.74889	3.07467e-294
4.97419	2.87979	2.35325e-294
4.97419	3.01069	1.27357e-294
4.97419	3.14159	1.21871e-307
4.97419	3.27249	-1.27357e-294
4.97419	3.40339	-2.35325e-294
4.97419	3.53429	-3.07467e-294
4.97419	3.66519	-3.328e-294
4.97419	3.79609	-3.07467e-294
4.97419	3.92699	-2.35325e-294
4.97419	4.05789	-1.27357e-294
4.97419	4.18879	6.66637e-308
4.97419	4.31969	1.27357e-294
4.97419	4.45059	2.35325e-294
4.97419	4.58149	3.07467e-294
4.97419	4.71239	3.328e-294
4.97419	4.84329	3.07467e-294
4.97419	4.97419	2.35325e-294
4.97419	5.10509	1.27357e-294
4.97419	5.23599	-3.08793e-307
4.97419	5.36689	-1.27357e-294
4.97419	5.49779	-2.35325e-294
4.97419	5.62869	-3.07467e-294
4.97419	5.75959	-3.328e-294
4.97419	5.89049	-3.07467e-294
4.97419	6.02139	-2.35325e-294
4.97419	6.15229	-1.27357e-294

5.23599	0	3.328e-294
5.23599	0.1309	3.07467e-294
5.23599	0.261799	2.35325e-294
5.23599	0.392699	1.27357e-294
5.23599	0.523599	2.48048e-307
5.23599	0.654498	-1.27357e-294
5.23599	0.785398	-2.35325e-294
5.23599	0.916298	-3.07467e-294
5.23599	1.0472	-3.328e-294
5.23599	1.1781	-3.07467e-294
5.23599	1.309	-2.35325e-294
5.23599	1.4399	-1.27357e-294
5.23599	1.5708	5.68684e-309
5.23599	1.7017	1.27357e-294
5.23599	1.8326	2.35325e-294
5.23599	1.9635	3.07467e-294
5.23599	2.0944	3.328e-294
5.23599	2.22529	3.07467e-294
5.23599	2.35619	2.35325e-294
5.23599	2.48709	1.27357e-294
5.23599	2.61799	-1.42129e-307
5.23599	2.74889	-1.27357e-294
5.23599	2.87979	-2.35325e-294
5.23599	3.01069	-3.07467e-294
5.23599	3.14159	-3.328e-294
5.23599	3.27249	-3.07467e-294
5.23599	3.40339	-2.35325e-294
5.23599	3.53429	-1.27357e-294
5.23599	3.66519	1.07949e-308
5.23599	3.79609	1.27357e-294
5.23599	3.92699	2.35325e-294
5.23599	4.05789	3.07467e-294
5.23599	4.18879	3.328e-294
5.23599	4.31969	3.07467e-294
5.23599	4.45059	2.35325e-294
5.23599	4.58149	1.27357e-294
5.23599	4.71239	2.4137e-307
5.23599	4.84329	-1.27357e-294
5.23599	4.97419	-2.35325e-294
5.23599	5.10509	-3.07467e-294
5.23599	5.23599	-3.328e-294
5.23599	5.36689	-3.07467e-294
5.23599	5.49779	-2.35325e-294
5.23599	5.62869	-1.27357e-294
5.23599	5.75959	-3.80094e-307
5.23599	5.89049	1.27357e-294
5.23599	6.02139	2.35325e-294
5.23599	6.15229	3.07467e-294

5.49779	0	-2.93967e-307
5.49779	0.1309	-1.27357e-294
5.49779	0.261799	-2.35325e-294
5.49779	0.392699	-3.07467e-294
5.49779	0.523599	-3.328e-294
5.49779	0.654498	-3.07467e-294
5.49779	0.785398	-2.35325e-294
5.49779	0.916298	-1.27357e-294
5.49779	1.0472	2.24934e-308
5.49779	1.1781	1.27357e-294
5.49779	1.309	2.35325e-294
5.49779	1.4399	3.07467e-294
5.49779	1.5708	3.328e-294
5.49779	1.7017	3.07467e-294
5.49779	1.8326	2.35325e-294
5.49779	1.9635	1.27357e-294
5.49779	2.0944	1.51522e-307
5.49779	2.22529	-1.27357e-294
5.49779	2.35619	-2.35325e-294
5.49779	2.48709	-3.07467e-294
5.49779	2.61799	-3.328e-294
5.49779	2.74889	-3.07467e-294
5.49779	2.87979	-2.35325e-294
5.49779	3.01069	-1.27357e-294
5.49779	3.14159	-8.33524e-308
5.49779	3.27249	1.27357e-294
5.49779	3.40339	2.35325e-294
5.49779	3.53429	3.07467e-294
5.49779	3.66519	3.328e-294
5.49779	3.79609	3.07467e-294
5.49779	3.92699	2.35325e-294
5.49779	4.05789	1.27357e-294
5.49779	4.18879	-1.65984e-307
5.49779	4.31969	-1.27357e-294
5.49779	4.45059	-2.35325e-294
5.49779	4.58149	-3.07467e-294
5.49779	4.71239	-3.328e-294
5.49779	4.84329	-3.07467e-294
5.49779	4.97419	-2.35325e-294
5.49779	5.10509	-1.27357e-294
5.49779	5.23599	3.43824e-307
5.49779	5.36689	1.27357e-294
5.49779	5.49779	2.35325e-294
5.49779	5.62869	3.07467e-294
5.49779	5.75959	3.328e-294
5.49779	5.89049	3.07467e-294
5.49779	6.02139	2.35325e-294
5.49779	6.15229	1.27357e-294

5.75959	0	-3.328e-294
5.75959	0.1309	-3.07467e-294
5.75959	0.261799	-2.35325e-294
5.75959	0.392699	-1.27357e-294
5.75959	0.523599	-5.98249e-308
5.75959	0.654498	1.27357e-294
5.75959	0.785398	2.35325e-294
5.75959	0.916298	3.07467e-294
5.75959	1.0472	3.328e-294
5.75959	1.1781	3.07467e-294
5.75959	1.309	2.35325e-294
5.75959	1.4399	1.27357e-294
5.75959	1.5708	-1.49224e-307
5.75959	1.7017	-1.27357e-294
5.75959	1.8326	-2.35325e-294
5.75959	1.9635	-3.07467e-294
5.75959	2.0944	-3.328e-294
5.75959	2.22529	-3.07467e-294
5.75959	2.35619	-2.35325e-294
5.75959	2.48709	-1.27357e-294
5.75959	2.61799	1.56504e-307
5.75959	2.74889	1.27357e-294
5.75959	2.87979	2.35325e-294
5.75959	3.01069	3.07467e-294
5.75959	3.14159	3.328e-294
5.75959	3.27249	3.07467e-294
5.75959	3.40339	2.35325e-294
5.75959	3.53429	1.27357e-294
5.75959	3.66519	6.6213e-308
5.75959	3.79609	-1.27357e-294
5.75959	3.92699	-2.35325e-294
5.75959	4.05789	-3.07467e-294
5.75959	4.18879	-3.328e-294
5.75959	4.31969	-3.07467e-294
5.75959	4.45059	-2.35325e-294
5.75959	4.58149	-1.27357e-294
5.75959	4.71239	-2.97263e-307
5.75959	4.84329	1.27357e-294
5.75959	4.97419	2.35325e-294
5.75959	5.10509	3.07467e-294
5.75959	5.23599	3.328e-294
5.75959	5.36689	3.07467e-294
5.75959	5.49779	2.35325e-294
5.75959	5.62869	1.27357e-294
5.75959	5.75959	2.87413e-307
5.75959	5.89049	-1.27357e-294
5.75959	6.02139	-2.35325e-294
5.75959	6.15229	-3.07467e-294

6.02139	0	1.44239e-307
6.02139	0.1309	1.27357e-294
6.02139	0.261799	2.35325e-294
6.02139	0.392699	3.07467e-294
6.02139	0.523599	3.328e-294
6.02139	0.654498	3.07467e-294
6.02139	0.785398	2.35325e-294
6.02139	0.916298	1.27357e-294
6.02139	1.0472	1.41935e-307
6.02139	1.1781	-1.27357e-294
6.02139	1.309	-2.35325e-294
6.02139	1.4399	-3.07467e-294
6.02139	1.5708	-3.328e-294
6.02139	1.7017	-3.07467e-294
6.02139	1.8326	-2.35325e-294
6.02139	1.9635	-1.27357e-294
6.02139	2.0944	-2.08137e-307
6.02139	2.22529	1.27357e-294
6.02139	2.35619	2.35325e-294
6.02139	2.48709	3.07467e-294
6.02139	2.61799	3.328e-294
6.02139	2.74889	3.07467e-294
6.02139	2.87979	2.35325e-294
6.02139	3.01069	1.27357e-294
6.02139	3.14159	2.7231e-308
6.02139	3.27249	-1.27357e-294
6.02139	3.40339	-2.35325e-294
6.02139	3.53429	-3.07467e-294
6.02139	3.66519	-3.328e-294
6.02139	3.79609	-3.07467e-294
6.02139	3.92699	-2.35325e-294
6.02139	4.05789	-1.27357e-294
6.02139	4.18879	2.23122e-307
6.02139	4.31969	1.27357e-294
6.02139	4.45059	2.35325e-294
6.02139	4.58149	3.07467e-294
6.02139	4.71239	3.328e-294
6.02139	4.84329	3.07467e-294
6.02139	4.97419	2.35325e-294
6.02139	5.10509	1.27357e-294
6.02139	5.23599	-2.75764e-307
6.02139	5.36689	-1.27357e-294
6.02139	5.49779	-2.35325e-294
6.02139	5.62869	-3.07467e-294
6.02139	5.75959	-3.328e-294
6.02139	5.89049	-3.07467e-294
6.02139	6.02139	-2.35325e-294
6.02139	6.15229	-1.27357e-294

