0.427314
0.872345
0.71212
1.4594
0.155969
-0.0748123
0.739753
0.610635
1.48319
-0.312189
-0.0847568
-1.11107
1.15514
1.74622
-0.743559
-0.792229
0.528555
-1.27228
0.381291
-0.102003
-0.102141
-1.15169
0.623902
-2.19825
-0.886937
1.66595
0.615506
0.294243
-2.00059
-1.143
0.771264
-0.765692
-0.83126
-0.177562
-1.73968
1.39859
-0.158258
-1.64643
-1.04304
-1.56313
0.664894
-0.493761
-0.661602
-0.940295
-1.11784
-0.744245
0.328658
-1.7858
0.00819747
-1.36787
-0.960047
0.330262
-0.410544
-0.725422
-0.963039
0.131727
0.199347
-0.725282
0.437184
-0.0831354
-0.746615
0.916013
0.152802
0.914627
-0.212755
0.245866
-1.34543
-0.0713606
0.976968
0.468983
-1.48823
0.662901
0.855819
0.757661
-0.131943
-0.831319
0.643245
-1.73675
-1.23065
-0.739921
0.451959
1.35137
0.617921
0.535005
-1.46859
1.98746
-0.172698
1.78185
0.119273
1.11784
0.361161
0.504098
0.180399
1.53696
-0.28945
0.676574
2.1154
0.160698
-0.462969
0.665347
0.479562
-0.429572
1.36072
0.434667
-0.901569
-0.26356
-0.213821
-0.351383
-0.315047
2.40156
-0.828014
0.47193
-1.31208
-0.569906
-0.339174
1.21344
1.37319
-1.55398
-1.07339
0.537213
0.499726
0.059748
0.158033
0.966563
-0.858995
0.517486
-0.586005
1.12953
-0.593272
-0.0432129
0.529958
0.645741
0.128012
-0.778324
-0.427512
-1.25721
-0.118093
0.632798
0.230442
0.0177889
1.80877
-0.543079
-0.0214823
-2.49877
-0.687326
-0.623653
0.57047
-0.567138
0.797975
-1.34909
-0.356349
0.709528
0.379748
1.02756
-0.361949
2.75431
-0.807407
-0.712036
1.74529
-1.03422
-0.841144
-1.68951
1.01687
1.76949
1.66147
-1.04479
0.868137
0.788425
0.321468
-0.283024
0.221269
-1.45918
-0.373326
-0.916663
0.759421
0.866728
-1.20882
-0.28106
-0.719847
-0.526126
-0.539906
-0.96434
0.140847
-0.247141
0.519131
-0.0673384
1.0248
0.867987
-0.144736
0.209934
1.31968
0.137052
-0.938032
-0.284655
-1.3247
-0.954059
2.20692
0.336695
0.72343
1.46281
1.47502
0.246856
2.02778
0.379386
-0.304865
-0.696131
-0.188869
1.29168
-0.197203
0.567374
-0.402743
0.318197
-0.612081
1.18642
1.3161
0.0694321
-0.216041
-1.63833
0.685331
0.0865484
0.599047
1.0808
-0.145889
0.628679
1.43323
-0.993147
-0.844788
-0.496432
-0.86703
-0.418219
1.62096
-1.73054
-0.467576
-0.526095
0.317461
0.547359
-1.08627
0.223507
-0.458088
-1.64268
0.730473
0.329649
-0.731041
-1.01707
0.561108
-0.150503
1.34848
0.50083
2.26967
0.402005
0.693743
-2.32665
-0.816102
-1.43605
0.636845
0.0823588
2.79354
0.0773584
1.22929
-1.55895
0.418079
0.716304
-2.06266
0.119644
0.626759
0.0885633
-0.00255327
-0.317591
-0.314566
0.193095
0.370017
-1.24557
0.528356
-1.3874
0.221085
0.700676
-0.48221
-0.48216
0.575045
0.212602
-0.107153
0.555837
-0.891935
0.139063
1.22345
-0.57688
1.8687
0.23019
-1.6766
-0.0530383
1.85786
-0.172563
0.472096
0.325409
-0.00434043
-0.263244
0.100543
-0.0872303
-0.0376561
0.0513472
-0.494799
1.27142
-2.39024
0.482821
0.357699
0.140956
1.34102
0.393996
0.376903
-1.90086
1.31276
0.0289809
-0.0269308
-0.805379
0.158869
0.0825039
1.41068
-1.61776
-1.73226
0.0935874
-1.24331
-0.505478
1.11453
0.203811
-2.61361
0.529649
-2.46979
1.45354
-1.45877
0.630385
1.3296
0.715496
1.84253
-0.971251
-0.379356
0.287718
0.727947
1.78855
0.630348
-1.58471
0.170651
0.613664
-0.33204
-1.03061
1.83646
0.847947
-0.958918
-0.632605
0.297214
-0.0414906
-0.435486
-0.649259
0.882997
-0.511989
1.2195
1.44234
-0.862108
-0.407312
1.36358
-0.0250494
-0.326511
-0.625159
0.685009
-1.6547
0.590141
0.0829613
-0.436776
0.329095
-1.07172
0.261842
-1.02077
1.18352
0.228905
0.437837
0.999428
-2.30507
-0.96708
-0.227961
0.685965
-0.845466
-0.574943
1.28377
2.46714
0.304064
2.40726
0.354426
0.619977
-0.00531314
0.966346
0.956401
0.562854
0.925303
0.782118
1.74051
1.83292
0.40811
1.13167
1.32394
0.637311
0.680458
0.0507094
-0.363093
-0.889384
-0.485276
1.33387
-0.732833
0.074719
-1.76745
-0.654891
0.173509
0.185976
-2.18299
-0.243044
0.196772
0.507593
-1.4619
-1.6511
-1.20798
-0.871508
0.516352
-0.212513
-1.10843
0.283671
0.238092
-1.61188
-0.307298
-0.292598
-1.13683
-0.44916
-0.841077
0.739791
0.0546176
0.787572
-0.829685
-0.479222
0.61813
0.994216
-1.11014
-0.100674
1.02509
-0.220082
-0.924825
0.771521
0.460183
-0.322221
1.3522
1.25928
0.10478
-0.488091
0.917426
-0.281262
-0.377292
-0.311896
-0.471811
0.248571
0.320722
-1.52173
-0.737806
-1.66977
-1.23467
-0.192568
-1.98011
0.751197
-0.445781
0.109316
-0.990791
-0.710941
-0.362272
0.278047
-1.2725
0.916089
-1.07923
1.46797
-0.957167
-0.845751
-0.41545
-0.347264
1.11795
-0.757673
0.702321
-0.453805
-0.449399
-0.355986
2.17643
0.055164
0.310497
-1.98681
-2.10316
-0.901032
0.0464035
1.56648
-0.4949
1.20083
0.360045
-2.15754
-2.39205
-1.82817
-0.467162
-0.0308711
-1.79388
0.136541
1.31617
0.304917
-0.74808
-0.414839
2.34993
0.433789
1.63162
-0.140294
0.192064
0.0759935
0.182469
-0.992785
1.71846
0.0969217
1.05983
0.594962
0.854604
2.01804
-1.18035
0.359982
1.18197
0.24052
0.61594
0.321873
-0.188722
-0.0380206
0.696627
-0.238053
-0.926228
-1.26887
0.970255
0.26641
-0.593609
-0.366769
-0.876741
-0.662299
-0.122011
-0.565278
0.6126
1.11415
-0.964985
-0.379297
0.749383
-0.582678
0.592171
0.231995
-0.608344
-0.269122
-0.753414
1.47582
0.204228
0.617771
0.074748
1.65603
0.683436
1.21693
0.054768
1.42997
-0.504097
1.22053
-0.573467
-1.13784
-0.765625
-0.211133
-0.590027
1.61359
-0.108928
0.0159417
-1.12703
0.644163
-0.682901
-0.876746
0.24378
1.50497
0.105019
-0.331893
-1.07729
-0.0461803
-0.501962
0.866955
-1.74582
-0.19608
-0.874744
-0.65398
-0.682788
-0.844196
1.60059
-0.699107
-0.312615
-1.71602
0.399007
0.0582218
-0.713324
0.319815
-0.412199
-1.43296
-0.804611
-0.0978135
0.747666
0.782604
-0.17239
0.384744
1.58015
-1.5805
-0.2461
-0.685643
-0.967535
1.14603
1.06228
1.33574
0.706506
-0.201001
0.47345
0.550822
-1.21652
0.908175
-1.84498
0.195719
0.0308683
0.507879
0.192922
-0.000324717
-1.27409
0.264436
-0.668367
-0.55241
-1.84956
-0.616237
0.33209
-0.0850539
-0.114312
-0.556633
-1.72007
0.577561
-1.41771
-0.760301
0.290285
-0.0986234
-0.429617
1.13823
0.763
-0.169234
1.68501
-0.593082
-0.770145
-1.93477
0.775085
-0.475679
1.38174
1.32459
-0.453996
2.04772
-0.935495
0.835728
-0.72538
1.29361
0.977849
0.491211
-1.02479
-0.0179413
1.03052
0.310864
-0.212444
0.432947
-0.907639
-0.197336
-0.466568
-1.47575
0.622361
0.308849
1.96269
0.785738
-0.349683
1.81415
-0.19756
-1.36288
0.700163
0.259451
0.232381
-1.33318
1.86122
1.77862
1.33055
1.76233
0.216175
0.640241
-1.60526
0.137225
1.28948
-0.289206
-0.379942
-0.322374
-0.448105
0.707054
-0.96691
-0.754582
0.338567
0.592247
-0.464113
0.456386
-0.901602
0.202022
0.303395
2.62287
-0.719996
-0.00276855
0.0904123
-2.33902
-0.146386
-1.5848
-1.95798
1.33489
-0.928916
1.09954
-0.624498
-0.931833
0.273093
0.87996
-0.875272
0.578376
-0.339734
1.8545
0.0637992
-0.903029
0.362909
0.0680859
-2.63924
-0.367882
1.99859
1.50195
-2.00485
1.45987
-0.302423
2.02362
0.102357
-0.596477
-1.11558
2.72021
1.68517
1.56248
1.1251
0.264164
-2.47641
-0.027917
-0.713238
0.0365153
0.159011
-0.487945
0.630884
-0.00571195
-2.10161
-1.14258
0.912652
0.0554525
-0.214363
-1.22703
0.970071
1.30421
0.754569
-1.41102
0.0245587
0.77987
1.25555
-0.653641
0.0112977
-1.03009
-0.913311
-0.878861
-0.244412
0.829906
-0.23574
-2.25222
-0.01844
0.833809
-0.787083
0.650233
0.0442079
2.77913
3.56146
-0.493579
0.426035
0.598643
-1.47372
0.331369
1.09285
0.0735845
1.3571
0.705027
0.454158
-0.868937
1.30148
-1.41842
-0.271217
-1.13947
-1.76709
-1.71398
-0.634386
-0.0643798
0.636643
-1.34719
-0.472737
0.39839
0.0942432
0.427972
1.65027
0.358132
-0.916793
1.19988
-0.58674
0.491586
-1.80468
-0.125601
-0.56577
0.0624417
0.403761
-0.433343
-1.12189
-1.17211
0.666792
-1.82032
-1.62927
-0.375725
-1.36116
0.0801504
-1.08403
-0.776748
1.16011
1.87866
-0.245895
2.49249
0.465788
-2.06283
-1.4053
0.893045
0.0742689
-0.279365
-0.814053
-0.11153
0.858284
1.58591
1.51228
-0.230516
1.11887
-1.09379
0.390339
-0.395054
0.597052
2.36242
0.501929
0.71677
0.785132
-0.960765
-0.109954
0.819339
-0.563588
-1.01349
1.02052
1.92685
-1.18889
-2.27454
-0.00427926
0.727435
0.0228538
-1.27677
0.778009
-1.27018
-1.14982
-1.18401
0.165938
-1.0826
0.757066
-0.548962
-0.565785
2.26187
0.0286323
0.716032
0.0862182
0.68431
-0.0911077
0.683297
0.62901
-1.33407
0.386583
-1.00818
-0.497436
-0.161543
1.6261
-1.68061
0.0494331
-2.46527
1.13823
0.520186
0.0993203
-0.196991
1.78104
0.197617
-0.661094
0.207913
1.34502
0.438482
1.39386
-0.864545
-1.16515
-0.101444
-0.605446
-1.26529
0.418549
-0.48664
-0.978638
0.195334
1.20891
-1.84242
0.322631
1.51531
-1.18503
-0.305893
0.154725
0.0850743
0.830042
-1.5132
0.561441
1.52101
1.21211
0.22802
0.930617
1.33469
0.0507822
-0.0849386
0.427641
0.621586
0.131354
-1.15348
-0.867677
-1.12986
1.7578
-0.351691
0.830634
-0.013655
1.21136
1.12975
1.85076
-0.941776
-0.630232
-0.34325
-0.0462577
-0.717433
-0.694885
-1.84684
-0.755505
1.12725
1.23133
0.572626
1.66743
0.445246
0.408662
-0.793409
0.920545
-1.24619
0.616754
0.00526642
-1.68629
-0.202232
-0.573841
-2.47607
-0.00966189
-0.468309
-0.060171
-0.361109
-0.610016
-2.50999
-0.982343
-0.911978
-1.04291
-2.15834
-0.870214
0.450696
-0.893487
1.68327
-0.618213
1.43433
-0.152065
-0.529348
-0.977323
-0.644819
0.83883
0.183843
-1.25722
0.284689
-0.58959
-1.27561
-1.00802
-0.440058
0.753702
0.833051
-1.61644
-0.413483
-0.0545135
-0.899944
1.18849
0.337311
0.390698
-0.837188
-0.800168
1.01643
0.966835
-0.228826
-3.4512
1.17667
1.03548
0.876039
0.365927
-0.518605
-0.0516413
-1.29358
-0.33076
2.53893
-0.115274
1.74621
0.616629
0.304594
1.25659
-0.766626
0.492647
-0.609729
-0.106059
-0.295313
-1.07856
1.37852
0.486656
0.536216
-0.169709
0.523287
-1.4128
1.29513
-0.804439
-1.60134
-0.0858179
-1.26363
-1.6945
-1.24252
0.0936585
1.21464
-1.56898
-2.19025
-1.05039
-0.00795824
-0.0371523
0.196905
-0.223997
-0.891933
-1.61346
0.924718
-1.48031
0.825788
-0.253963
-1.40994
0.18361
-0.195907
-1.32074
0.353306
1.51979
1.85975
0.0061491
-0.0481886
2.099
-0.716568
0.745216
1.0893
-0.642644
-0.306049
0.281271
-1.19118
-0.118539
1.02016
-0.184662
-0.0667301
0.526682
-0.810422
-0.242793
1.10313
1.00176
1.22488
0.0905608
0.0892747
0.604892
0.923165
-1.63711
-0.085662
0.0588505
-0.826793
-0.264804
0.374665
-1.6602
1.08626
0.280783
-0.607709
-0.752325
-1.09077
-0.201512
0.48759
-0.257717
2.00799
-0.705441
-0.919358
-2.03312
0.618209
1.48123
0.395613
-0.41903
0.60398
-0.42614
0.155384
1.36903
0.701419
-0.330783
1.36785
1.09471
0.342464
-1.14595
2.73086
-2.28995
-0.0686867
-0.578646
0.59567
0.24552
-1.09922
-0.690818
0.030514
0.782766
-0.875251
0.735373
-0.456581
-0.800867
-0.848121
-0.0389513
-0.0907003
-0.220497
-1.60885
-0.265718
0.858212
0.0247567
0.229293
0.769758
-0.980398
-0.0336434
2.25538
0.693228
-0.551989
-0.468376
0.957044
0.471474
-0.608689
1.6438
0.862576
-0.226194
0.202106
1.09888
-1.89003
0.525982
0.204873
-0.905541
0.23707
-1.61541
0.350223
-0.741328
0.570343
0.170377
1.41075
1.01939
-0.0331544
1.16493
0.842917
1.8115
0.441966
-1.43752
-0.0958426
-0.574441
0.126513
-0.0957158
1.2538
-1.07428
0.545648
0.179974
0.705687
-1.14625
0.343221
-0.36778
0.153528
-1.26767
1.59459
-0.085327
-0.36016
0.2914
-0.854108
-2.14211
0.902017
1.72716
-0.417056
-1.0569
-0.562898
-1.87367
-1.10439
-0.817931
-1.65976
0.129514
1.40395
-1.01535
0.575124
0.196022
-0.283759
-2.42393
0.477648
-1.37777
-2.16275
-1.44852
2.38687
-0.172922
-0.711332
-0.303805
0.387585
-1.05533
2.0662
1.58569
1.71194
2.73947
0.317531
-0.319954
-1.89538
2.20213
-0.705171
-1.37959
-0.916199
-0.577556
0.136036
1.2712
1.28145
0.239605
-1.15859
-0.216182
0.166631
0.521536
0.288239
0.246233
1.5448
2.14367
-0.220329
-1.3291
-0.268238
-0.411199
-0.170636
-1.05261
1.00143
1.00707
0.0457598
-0.0423905
0.16417
0.578734
-1.65358
2.46325
0.542158
-0.989958
-0.577126
-1.3868
0.13323
0.594482
-0.227488
0.0156999
-0.626059
0.7189
0.154324
-0.235568
-0.740084
0.571792
0.177832
0.182512
-1.41194
-0.846502
0.112923
0.33277
-0.335867
0.00557862
-1.38817
2.74586
-0.672852
-1.64827
0.322042
-0.189998
-0.833704
0.733726
0.0870142
0.140487
2.10875
0.491294
-0.868054
-3.22939
1.10171
0.679526
0.202322
-0.979608
1.66273
0.190046
-1.38025
-0.733292
-1.90194
1.86543
0.572097
-0.498052
-0.227408
0.250795
1.65753
-2.4297
-0.672998
0.369372
0.129127
-0.225207
0.931322
-2.05747
0.586335
-0.350005
0.278784
0.903657
0.0418338
-0.986912
-1.42905
0.0835735
0.0617292
-1.86196
0.864539
0.714195
-0.323557
-0.580505
-0.492755
0.436081
-0.996076
0.842769
-0.380725
-0.0845666
0.630455
-1.0174
0.112272
0.852077
-0.173197
1.42125
0.685395
-1.76471
0.252922
-0.618474
0.91862
-0.293674
0.449497
-1.36288
-0.848699
-0.453162
0.818542
1.24143
0.439152
-1.96503
-1.69982
-0.951438
-1.91062
-1.49344
-1.23828
-1.21201
0.913931
-0.540491
1.21838
0.624804
0.215723
-0.96689
-1.2591
-0.0845187
1.0113
1.15626
0.569608
-1.2643
0.959157
0.698657
0.20187
0.836408
0.205678
-0.920519
0.60807
-0.967045
-0.587363
0.91742
-0.731563
-1.85369
-0.773294
0.415001
1.3704
0.286523
1.71184
-1.61214
-0.474068
-0.784285
0.779832
0.274632
-1.94589
1.18773
0.122261
0.0924309
-0.271748
0.512274
1.19235
-0.798311
0.520384
-0.413952
-0.797167
-0.565067
1.28768
0.361459
-0.544015
-1.06702
-1.80012
-0.253037
-0.507554
0.405777
0.367188
1.71843
0.97003
0.908692
-0.141042
-0.474261
-0.992148
-0.746097
1.53333
-0.370754
0.00915261
-0.842969
0.264662
0.882079
0.652491
-0.712947
1.00411
-1.18029
0.462378
0.376141
-1.72682
-0.71101
0.0233029
-1.70156
1.33969
-0.978681
-0.942039
-1.38764
-1.91358
0.901725
0.300927
0.084153
0.0364677
-1.01855
0.217894
-0.235322
0.151232
-2.07981
0.271758
-1.30662
0.45323
-0.789656
-0.718636
0.965354
-0.754843
0.305279
0.266219
-0.011445
-0.0642554
-1.67255
-1.86212
0.861045
1.46198
0.375916
-1.05645
-0.820746
0.282073
0.748459
0.769339
-0.795866
-0.013095
0.477119
-0.361631
-0.361609
-0.751408
0.936262
1.3889
-1.89637
-0.881461
-0.901702
0.134059
0.390456
-0.811805
0.380861
0.991601
1.23139
-0.326279
0.711936
0.605314
-0.799099
-0.382844
-0.0592912
-0.663587
-0.880193
0.678444
1.13066
-1.05078
-1.79302
-1.555
-0.0466598
-0.252656
0.141805
1.18061
-0.0896264
0.580001
0.241462
0.538537
1.55903
-0.527276
0.105258
-0.468481
0.147501
0.0645598
0.929094
-2.12783
-0.321483
0.0529389
-0.701276
2.53745
-0.235703
0.417711
1.21578
1.37597
0.812377
-2.9758
-0.0342703
-0.888019
-0.2518
-1.28681
-0.785863
0.843799
-0.984646
-0.32982
-0.693515
1.21562
2.19698
0.881835
1.48867
-0.236134
-0.927471
1.64953
0.857197
1.15659
0.679588
0.107707
-0.200228
-0.0854039
0.83059
1.09475
-1.21122
-0.377088
-0.304761
1.12978
-0.426123
-1.47741
1.33537
0.845955
-0.680623
0.750531
1.44646
0.475664
0.703816
1.26151
-0.221964
-0.138152
-0.0198062
1.16661
-0.863944
0.52787
1.58308
1.85022
0.481622
-1.10283
-0.59062
1.06791
-2.71851
0.299772
0.748794
-0.592241
-0.356188
-0.534042
0.552776
0.368942
0.663339
-0.361567
0.564851
-0.00215415
1.5822
1.47361
-0.905284
0.15198
-1.02243
1.31057
0.841372
0.142726
-0.799702
0.331546
-0.0445139
-1.34038
1.80818
-0.762352
-0.142166
0.108009
-0.995133
-0.198135
0.169025
1.2204
1.18955
1.6873
1.22547
0.479333
-0.605471
-0.978125
0.507746
1.20542
-1.14994
1.01647
0.685904
1.3298
-0.478379
0.869629
-0.753518
-0.0525707
1.15474
0.815973
1.084
0.602666
0.0325289
-0.896131
1.60626
-0.803824
-0.487183
2.52046
-0.182465
-1.11053
-0.779213
0.624303
0.273537
-1.00852
0.760206
1.46409
1.84539
-1.60561
0.888858
-0.977791
1.05277
-1.37556
0.739158
-3.08188
-0.26101
2.77673
1.56808
-2.26235
-1.03846
0.834242
0.346525
-0.291673
-1.34572
1.44451
-0.0720948
-0.215936
0.516696
-1.69328
1.29267
0.787272
0.25867
0.245049
-1.01019
-0.350464
0.995172
0.596582
-0.073369
0.0277468
-0.293508
0.330494
-0.954796
1.3729
0.607493
-1.08486
1.3594
1.13422
-1.86309
0.804482
-1.65695
-0.109182
1.39001
-0.959549
-0.57453
-0.689669
0.161692
-0.742279
-0.523409
1.32234
-0.38332
1.13512
-1.28649
-1.26224
-0.410541
-0.646249
-0.49035
-0.457232
-1.45249
-0.221014
0.975072
-1.35678
-1.65326
0.518894
-1.10983
0.515731
0.531017
-1.62753
-0.857885
-0.546108
-0.24082
-0.432341
-0.454102
-0.529381
0.445677
0.564457
1.52237
-0.36633
0.974341
0.0293581
1.71633
1.33459
1.44657
-0.811424
0.275117
1.27809
1.49001
-0.205547
-0.3349
-1.55285
0.994391
-0.177839
-1.38651
-0.509219
0.544677
0.72153
-1.36328
1.18362
0.516152
-1.33164
-0.79405
1.57798
0.415258
0.245551
-0.689232
0.199023
-0.777911
0.463879
0.128607
-0.724438
-0.202291
-0.107692
0.383762
-2.21784
-0.571674
-0.0457501
1.50498
1.11108
-1.43335
-0.589831
-1.1355
-0.260738
-1.41294
-0.761131
-0.369408
0.778418
-0.248781
-0.465307
0.970324
0.520057
-0.385833
-1.18536
-0.388685
-1.7847
-0.527395
-0.879384
0.307617
0.0855401
-0.124878
-1.08785
-0.926904
-0.231167
-0.332221
-0.718143
-0.278877
0.498472
-0.743992
1.2118
0.195113
0.564146
-0.844192
-0.053868
0.215202
1.60061
0.249299
1.09279
0.68511
0.069241
1.44932
0.357556
-0.922437
0.704898
0.125861
2.24145
0.599465
1.61045
0.263082
-1.38599
-0.288135
1.05739
0.804345
-1.42182
0.0063554
0.166685
-0.395786
1.57612
-1.02018
0.268256
-0.464053
-0.974291
0.079621
-0.56762
0.435936
1.39971
0.248856
1.46262
-0.328431
0.947646
-0.546898
0.0116727
0.338202
-0.446997
-0.307971
0.800046
-0.0513507
-1.63831
-0.758851
-1.03034
-0.698909
-0.458597
-1.24364
-1.19757
0.601723
0.240018
-1.42696
0.613964
0.0591762
0.927258
-0.574774
-0.597698
-0.56756
-0.624395
-0.27139
1.66491
-0.52019
0.32445
1.19272
1.09258
-0.982599
0.303828
-0.505644
0.14891
-1.0104
0.810088
-0.791987
0.236502
-0.49936
0.610162
0.175752
-0.0478475
-0.332653
1.70114
-0.332097
0.325998
0.637348
-0.854302
-1.1354
0.182414
-0.186332
0.659428
-1.25533
2.1842
-1.03117
-0.59195
-0.395786
0.34695
1.11781
-0.148381
0.507966
-0.114643
0.375721
1.33014
0.619871
0.83943
0.365868
0.642286
1.09122
-0.105463
0.660831
0.0665277
0.127811
-1.11807
0.932756
0.686906
1.25071
-0.128403
1.79489
0.164531
0.698853
-0.947782
-0.927826
0.201834
-0.810795
0.963454
-0.490656
-0.851418
1.12777
-0.165174
0.240755
1.60735
-0.502873
1.32187
0.4371
1.39346
-0.490956
-1.2867
0.173412
-1.05128
-1.18235
-1.48254
0.00940093
0.0369363
-1.35812
-0.374763
1.13651
0.43186
1.04417
0.262299
-0.249295
-0.105936
0.875099
-0.432147
0.86139
-0.04811
1.52799
1.78083
-0.0325397
0.652579
2.76028
-0.492781
1.01821
1.58885
-0.238471
0.126727
-0.392419
-1.49279
-0.257921
-0.187733
-0.759031
0.658
0.65597
1.26172
0.380027
-0.713722
-1.86578
0.501283
-0.871829
0.639154
-1.637
1.28871
2.0797
0.584955
-0.63181
-0.628128
-0.128529
0.603863
-0.829774
-0.532346
-0.419785
-0.210626
-1.70459
-1.10079
0.189206
0.129038
-0.761934
-0.340914
-1.56806
-0.254582
0.140075
-0.527074
0.135623
1.56383
-0.0427099
0.409745
-0.956015
1.53774
-1.02195
-1.27455
-0.453226
0.87131
-0.817584
-0.538695
-0.247865
1.58304
0.189642
0.991256
-1.16525
0.695009
-0.393001
0.553258
-0.227126
-1.5334
0.123738
0.48862
-1.2165
-0.29576
0.106003
-1.22396
-1.84081
-0.113461
-1.58556
1.55792
1.11271
1.03617
0.869325
-0.784606
-0.291628
0.742224
-0.134263
-0.662809
0.248681
1.35388
-0.486848
-0.585455
-0.0639262
0.594229
1.63988
-0.712454
-2.4546
-0.925805
0.122066
0.211761
-1.73585
0.106381
-0.670881
-0.849012
-0.197936
-1.63261
0.297158
-1.68243
-1.45524
-1.03692
-0.782032
2.36585
-1.6333
0.178054
0.0826329
1.02382
0.851191
-1.0345
2.7214
-0.593792
-0.224751
0.0496024
-0.553505
0.636555
-0.169413
-0.552786
-1.29135
2.31274
-1.01936
-0.454564
0.0907352
1.07221
-0.531545
0.708466
0.181503
-0.33011
0.0424008
-0.150834
-0.982634
-1.55873
-0.990018
-1.02918
-0.640613
-0.589634
-0.316725
1.5888
-0.507588
1.09231
-0.461011
-1.28507
-0.810526
0.936227
1.51324
-3.53673
-0.26979
1.13577
-0.803434
-0.395859
1.51959
-0.0574121
-0.763406
0.320286
0.880869
0.717142
0.441673
-0.180594
0.676239
0.079325
0.096027
1.87135
-0.591483
1.44042
0.994593
-0.62848
0.00933657
-1.23258
1.01417
0.225984
-0.714849
0.58142
0.109568
2.00644
1.3747
-0.933789
-1.32276
-0.122838
-0.521059
-0.0896453
-0.132427
0.327382
-0.635441
2.30187
-0.121755
-0.808091
-0.0666909
-0.411921
-1.39938
-0.112152
-1.66793
-1.41539
-0.589604
-1.11673
-0.800119
1.43603
0.866571
0.298169
-0.372715
1.10936
1.43717
0.803727
1.08876
1.79497
-1.24614
-1.26137
-1.49803
1.05955
-0.809881
-0.87288
-1.74382
-0.0556449
-1.52777
-0.293923
-1.22759
-1.87012
-0.842533
-1.74374
-0.17534
0.42316
-1.4037
0.16533
-1.26234
0.571219
-1.04476
-0.323564
1.0936
-0.0731265
-0.668406
1.37926
-0.361428
-1.99244
0.889507
-0.299385
1.07845
0.442945
-0.541831
0.417162
-1.69371
0.151559
-0.371771
-0.386098
0.28629
-1.45405
0.416791
1.08477
-0.333909
-0.428507
0.789037
0.395667
0.237649
0.927549
-0.926078
-0.996814
1.23226
0.939205
-0.339947
-0.983097
-1.08983
1.61471
-0.943376
0.340768
-0.944968
0.950335
0.0235767
1.41441
0.771718
-1.25342
-1.1368
-0.276504
1.0326
1.65813
-0.153207
-0.979363
-0.695109
1.63262
0.114366
-0.428999
-0.451278
-0.321041
-0.962927
-2.05101
0.403683
0.715695
0.119458
-1.46269
-0.322343
0.0499573
-0.201217
-0.68026
-0.403861
-0.239559
-0.0482054
0.211375
0.63128
-0.22474
-0.116015
-0.26848
0.248117
0.048229
-0.428971
0.188689
0.778861
0.401061
0.0340909
-0.933064
1.50636
-0.707479
-1.00185
0.463175
-0.0170295
1.22997
1.66567
0.0365018
0.647668
-0.226549
0.998402
-0.711618
-1.04199
-1.1054
-1.05913
0.617583
-1.10697
1.64021
0.0793118
1.41539
0.595142
-0.17899
0.8998
1.46017
-0.464456
-1.8692
-0.869616
2.22308
-0.132618
0.211172
0.156013
0.89121
0.528381
0.949163
1.06587
1.59279
0.173198
-0.213765
0.51108
-0.758968
-1.08041
1.53961
-0.220783
0.510248
-1.43042
0.989739
-0.138588
0.607384
-0.641588
-0.96877
0.481267
0.942369
0.103409
0.560449
0.216623
0.0231095
-1.26418
-0.734512
0.444802
-0.12974
0.323729
0.390057
-2.32666
-1.27622
1.69402
2.36659
-0.649751
-0.473376
-0.442625
-0.124448
-0.0879188
-0.470912
-0.959812
-0.858253
-0.366673
0.716822
-0.432351
0.439177
0.384785
-0.380691
-2.22484
-0.0645463
-0.517467
-1.44717
-0.706796
3.0036
-0.0108015
2.78975
0.0627446
0.739261
0.280262
-2.33211
-0.0704598
-0.341783
-0.857461
0.735938
-0.0358726
1.3698
0.644827
0.339952
-1.42692
-1.4037
-0.878161
0.64473
0.744825
-1.07409
1.62918
-1.79403
0.640552
-0.16084
-0.378742
1.50389
0.398164
-0.645726
-1.06964
0.319168
0.701863
-1.96735
-1.07315
-0.41463
1.87034
-2.32419
-0.120057
-1.65819
0.245723
1.32205
1.12641
0.146671
1.14824
-0.563192
-1.22558
1.16102
1.90813
1.11515
0.403154
0.311504
0.663323
0.367792
0.792854
-0.0786536
2.26053
-0.348415
-1.73538
0.486519
0.0383787
0.0789301
-0.586532
-0.116359
-0.1257
-0.998917
0.316636
-1.09822
0.440764
-1.16983
1.07079
-1.11095
-0.788559
0.163709
-0.546884
0.292764
0.493836
-0.652712
1.14793
0.829962
-0.305962
-1.05553
0.539414
0.183829
-0.473686
1.41538
-0.834649
-0.158236
1.34126
-0.52033
-1.64139
-0.905715
-0.00281423
0.410912
0.0132265
0.640211
-1.63898
0.42052
-1.29428
1.64991
1.38121
-0.87073
-0.513849
-1.87835
0.146629
0.249015
1.51595
1.49202
0.449917
0.574557
-0.545846
-1.04448
-0.655086
-0.23539
2.36152
1.22741
-0.4375
0.576203
0.898345
-1.94198
-0.587056
-0.224451
0.767532
-0.523608
-0.715488
1.24165
0.07793
1.62418
0.374815
0.252491
0.739654
-0.507243
-1.32475
1.53497
0.352268
0.825986
1.40358
0.848686
0.623693
0.698827
-0.27447
-0.17369
0.223872
1.15578
-0.961626
-1.64539
-0.137433
1.14185
0.666297
-1.1789
1.15817
-0.759352
-0.957733
0.798257
0.442333
2.55303
1.00517
0.251882
2.08532
-0.488768
0.298074
0.976482
-1.51978
0.700244
0.602311
1.55775
1.04422
-0.600524
1.50223
0.720182
-1.23103
1.69629
-0.308645
-1.24199
0.00335368
1.26874
-0.407759
1.13363
0.79797
-1.96869
-0.585181
0.921134
-1.223
0.670683
1.56585
-0.519102
0.438827
-0.357507
1.88023
-0.320864
0.610157
-1.509
0.093982
-0.153924
1.30948
1.30864
-0.282422
-0.864729
0.58384
-0.357481
0.0157877
1.13023
0.553859
0.124784
-0.271191
0.00843332
0.501532
1.31485
1.33121
0.584127
2.80429
-0.0959939
-0.771554
1.94462
0.792476
-0.79761
-0.225104
-0.858232
1.00003
1.42988
1.14682
-1.96258
0.380972
1.60192
1.0543
1.67768
0.392328
1.07708
0.775518
-1.42264
-0.644021
0.653433
-0.162422
-0.239308
0.202214
0.84596
-0.384222
-0.472499
-0.893195
-0.532968
0.879243
1.04392
0.592758
0.802736
-0.204565
-0.906716
1.49704
0.377019
-0.444536
0.75955
0.581643
0.885565
-1.23687
0.220446
-1.05848
1.156
0.317859
-1.05685
0.694952
0.959073
0.969443
0.320005
-0.628946
-0.967457
0.720404
-2.28101
-1.02751
-0.429457
-0.523275
-0.200021
-0.842596
-0.281912
-0.175104
-1.63735
-0.155276
-0.114935
1.39383
0.158235
0.749682
-0.516657
-1.72359
0.0484514
1.43484
-2.06724
1.1056
0.837368
0.699896
0.971242
-0.234987
-0.715285
-0.0239518
0.121703
0.00396635
-0.71085
0.0390763
0.175494
-1.83537
-0.557001
0.295032
1.92424
-1.25243
-0.0819383
0.590466
-0.654544
-1.63488
0.875708
-0.584935
-1.09934
0.473269
-0.574581
0.973135
-0.95897
0.971681
0.687445
0.115175
-0.179591
0.879165
-0.319377
-1.3849
0.231701
-0.105656
-2.02759
-0.627386
-0.28844
-1.76426
1.6058
0.336846
-0.110452
-0.340701
-0.127268
0.849695
-1.0619
1.51281
0.29372
-1.43803
-2.49106
0.498125
1.11069
-1.03374
1.43074
-0.269189
-1.20433
-0.633539
-1.77417
0.600026
-0.471104
1.99046
-1.5367
-0.404794
0.783304
-1.02393
0.810176
1.57051
1.11664
1.22552
0.824642
0.119737
-1.18991
0.454689
-0.457553
-0.173448
-0.0932264
-1.11645
-0.0197255
0.495383
-1.53716
-1.42093
0.392808
1.03527
-0.0571942
1.34696
-0.506692
-0.0686271
-0.796526
0.0218187
-0.954134
1.37256
0.57127
-0.024017
-0.115084
1.54856
0.00192909
2.01769
-0.778846
0.526885
2.08753
0.584499
2.33921
0.14986
0.288461
-1.17094
0.110296
-0.0915572
-0.670774
-0.167578
-0.413343
-0.212288
0.121204
-0.84323
0.622225
1.11105
0.0848198
-0.792865
-1.18484
-1.63535
-1.05354
0.847399
0.708498
0.348176
0.0694222
-0.289037
-0.659302
-0.529814
0.336461
-0.531933
1.28647
-0.00442463
-0.847809
0.169549
-1.1656
0.846885
-0.223119
-2.10866
0.343438
0.736711
-2.29455
1.43753
0.690191
1.08319
0.579504
1.67051
0.0667757
1.78176
0.27279
-0.722229
-1.46725
1.79051
0.0468048
0.324768
0.457856
-2.25242
0.0758432
-1.45268
-0.475135
0.787865
-0.0573682
-1.43438
-0.47219
0.395674
-0.707853
-0.89566
0.0516063
0.936158
1.76517
0.264767
1.37387
0.822763
0.466127
-1.41069
1.27771
1.74176
1.73243
-1.80145
-1.69259
-0.2543
1.32869
-0.182083
-0.0395232
-1.27121
-1.2905
1.25535
0.236383
0.240083
0.489957
-1.01561
-0.196586
-0.378738
-0.47275
0.789851
0.207216
-1.03123
-1.30388
1.35422
0.281954
1.88729
-1.21137
-0.509231
0.453348
-1.60608
-2.97148e-05
0.88567
2.54944
0.397914
1.68088
0.0191803
-0.272583
-1.3243
1.14842
-0.376044
0.193108
0.939108
0.147262
0.507208
-1.09929
0.654626
-0.083476
1.7682
-0.507
1.37943
-0.775659
0.198869
1.5555
-0.604761
2.9258
1.85302
-1.09202
-0.590851
-0.342848
1.0213
-0.422627
-1.12582
-1.24997
0.561228
-0.0820345
0.0810165
0.436633
0.434124
-1.15503
-0.0516691
0.3064
-0.462433
-0.827035
-0.958108
1.27356
-0.0094128
-0.350668
0.227297
-0.563935
-0.313706
-1.23631
0.48464
0.316977
-0.255885
0.360578
-0.0569132
-0.746448
-0.964667
-0.343106
0.617709
-0.443984
-1.66256
-1.05989
-0.445428
-0.846091
0.0335195
1.78595
1.49531
-1.23055
-0.512233
-0.13609
1.14319
0.291635
2.04295
0.592408
-1.86755
-0.121323
0.521966
-0.0642806
-0.935147
-0.464393
-0.630743
-0.546312
1.47924
0.0770808
-0.915988
-0.674063
-0.276748
1.13901
1.01303
0.386463
0.259659
0.844493
-0.260384
-0.451948
-2.08219
2.32547
-0.786175
-1.07792
-0.0510377
0.330052
1.19487
-1.32711
0.367488
0.346284
-0.677726
-0.839828
-0.674525
0.676111
-0.193932
0.0533286
-0.848285
0.925321
-1.03239
0.382229
-0.563665
1.05477
-0.145501
0.561136
0.528067
-1.54873
-1.28771
-0.803312
0.0643763
0.662287
1.72446
-0.296288
0.0475967
-0.615439
0.531327
1.58297
-1.09674
-1.25627
-0.264027
0.0264303
-1.46547
1.61512
-1.42538
0.109065
0.396676
-1.42217
0.362989
-0.177876
-0.631306
-1.18372
0.0871019
-0.0911456
0.551195
-0.575217
-2.20761
-0.221511
0.767814
1.56
1.39826
0.833637
0.161085
-0.345574
-0.522324
0.336541
1.75122
0.322704
0.279702
0.657865
0.338666
-0.0569902
-1.20376
0.884222
-1.1627
-0.787778
-1.19586
-1.33117
0.0166322
1.10294
-0.969631
1.9827
-0.628129
1.42554
-0.615066
0.680831
-0.497334
-1.49774
1.36638
-0.0807313
0.40817
2.58435
-0.90874
-2.18422
-0.0259432
0.212034
-2.23081
1.72795
0.506442
0.609163
-0.107516
-0.514509
-0.386615
0.787948
-1.73014
-0.701911
-0.873391
-1.31839
-1.55424
-2.08032
0.279723
-1.82734
0.5745
0.940717
0.652701
-0.508414
0.626123
-1.24218
2.33125
0.499549
-1.3189
1.20198
-0.688327
-0.0521803
-0.619356
-2.6363
-2.15635
-0.770548
0.715844
0.252592
-1.09495
-1.05289
0.204003
0.745597
0.849634
-0.515451
-0.870757
-1.25925
0.0178099
0.83255
-1.46032
-2.7619
-0.909849
0.495566
1.5988
0.00148838
0.436828
1.85611
2.01301
0.338918
-0.812879
-0.268521
0.305376
0.296773
-0.366769
-0.199123
0.510991
0.438287
0.721035
0.171312
-0.648753
-0.03074
0.161725
-1.45649
-0.723765
0.979956
1.642
-1.7397
-0.345641
0.789657
0.803338
0.444124
0.255928
0.881566
-0.692136
-0.370746
-0.179773
-0.835097
-1.80149
1.43513
-0.997179
-0.972576
0.58235
0.309084
-0.0936128
0.00462428
0.463969
-0.344201
1.07022
0.412401
0.00760093
-1.12139
1.19168
0.551001
-0.272552
-0.169978
-0.289564
0.148725
-0.576696
-0.408126
0.242069
0.484127
1.29437
-1.33789
0.862801
1.40188
0.44941
-0.0387765
-0.259308
-0.395625
-1.36668
-0.73056
-0.601767
-0.785929
0.424071
-0.63969
-0.200219
-0.703646
-0.0931356
-0.438062
-0.228672
-1.08272
-2.17511
-1.02675
0.523751
0.532743
-0.187948
2.09852
-0.218037
1.48064
0.375891
0.684752
-0.724479
-1.38735
1.47601
0.0297501
-1.12799
-0.694221
-1.58729
-0.859087
0.96399
-0.816982
0.185093
0.605051
-0.365671
1.13486
1.251
-0.511057
-0.97142
0.779574
0.597442
-0.694082
-0.815585
-0.543256
-0.42906
0.767198
0.0748646
0.609712
0.169152
1.61005
-1.21797
0.0224155
0.285147
-1.03284
1.63098
-0.604171
-0.920016
1.15208
0.126074
0.136495
-0.457365
0.622915
-0.948992
1.27974
0.0649383
0.497563
-1.1877
0.294198
-1.75601
-2.18836
-0.893393
-0.838845
-0.700519
-0.483135
-1.18157
-1.12631
0.115199
-1.69878
-0.552229
-1.49159
-0.0349778
0.176534
-0.416315
-0.67141
-0.225369
-0.226717
0.125973
0.24366
0.00235996
1.32469
0.883453
1.20177
0.587456
-0.182383
0.674122
0.0272679
0.562944
-0.43761
-0.853714
0.573411
-0.333027
2.04376
1.22739
1.11573
-0.512486
1.38166
-0.0393123
0.290072
0.24528
0.384443
-0.602165
-0.0881981
0.0499158
-0.351971
0.530482
0.561637
-0.0571779
0.567501
-1.16747
0.632459
1.42334
1.71782
1.16463
0.690954
-0.173784
0.275914
-0.316982
0.548174
-1.49261
-0.0728175
0.93637
0.796682
0.471533
-0.106182
1.04818
0.387528
0.975033
1.50622
-1.54004
-1.48459
-1.53302
-0.287962
0.238351
-0.869481
0.539663
-0.581342
0.503896
1.08976
0.731654
-0.4624
0.26409
1.01246
-1.44977
-1.12552
-0.466821
-1.32003
0.0137902
-0.878287
-0.0349485
-1.25502
2.56649
-1.55469
-1.19508
0.968103
-0.654843
0.782343
0.408262
-0.0689348
0.070754
2.5879
-0.139727
-0.533369
0.512493
1.20435
2.00202
1.71297
-1.07036
-0.0746207
0.581279
-0.0544657
0.423859
0.208441
0.179037
-1.69848
-0.0224561
-0.247588
-0.343889
0.231655
-0.353194
-0.608922
1.80189
-0.125383
1.62157
-0.131587
-1.622
1.24647
-0.156077
1.2472
1.13689
1.06041
0.537683
0.100206
0.729209
-0.803352
0.178568
-1.44057
1.14805
1.88578
-0.751786
-1.44471
-0.185569
0.159691
0.243261
0.367584
1.00667
-0.850113
0.145888
-1.077
-0.507462
1.01963
-0.271275
-0.743844
-1.07663
0.361302
-0.0200309
-0.239709
-0.501324
0.659263
-0.910416
-0.327661
-0.817642
0.156311
1.5265
1.18064
0.0976662
0.717026
0.650601
-2.07537
0.463433
-1.41481
1.24829
-0.787932
2.25849
1.29896
0.111689
-0.507214
0.576185
-0.500748
-0.168675
-0.810012
0.142999
-1.03719
-0.345726
-1.32469
0.232711
-1.59467
-0.953625
-0.422779
-0.485831
1.66099
1.38906
1.21979
-0.55365
-0.0934351
0.546502
-0.425055
0.10657
1.13163
-1.5515
-0.621025
0.405869
-0.377926
0.60346
1.1329
0.245085
-0.189748
1.10092
-0.670412
-0.971618
0.543019
-0.281264
-0.743982
-0.384665
0.0359703
-0.144111
0.358655
-0.151459
0.802088
-0.0896985
-2.27349
-0.47825
2.99909
0.451999
0.678851
-0.682961
0.168542
-0.964107
-0.707471
0.0446525
-0.137438
2.4034
0.577327
1.15277
2.77957
1.13556
0.209918
-0.129406
0.0659168
-0.12574
0.241463
1.28641
1.10197
-0.0518279
-1.00518
-0.0295311
-0.452758
1.15293
-2.63711
0.897167
-1.15452
-1.18201
0.293423
-0.481989
-1.37945
-0.0111671
1.06961
-0.731458
-0.652729
1.95695
-1.18634
0.0748521
0.501855
1.04166
0.10417
0.427523
0.188588
0.439719
0.850656
0.453147
1.05817
-1.16862
-0.397242
-0.574451
2.26215
-1.64786
0.534415
0.344357
-0.865725
-0.490152
-0.644335
-0.515711
1.03358
-1.18457
0.820437
-0.0849108
0.505091
-0.817599
0.430371
0.822509
-1.59524
1.33281
-1.11377
-1.42476
0.654892
-0.322921
-0.303864
1.87485
0.0268271
-0.532578
0.12001
-0.212218
-0.851408
-1.58526
0.786119
1.93889
-1.14768
-1.30755
0.788403
-0.128275
-0.702285
0.320161
-0.0694116
-0.32548
-0.714298
0.410851
0.325735
0.206545
1.9996
-0.25958
1.75929
-0.495339
0.519687
2.38505
1.91228
2.88438
0.707673
0.324026
0.24553
0.741284
-1.03142
-2.02011
0.369976
0.00606976
-2.71071
0.728236
1.33225
0.0895826
-1.90208
-1.80552
-0.521286
0.133104
0.197819
-1.53316
0.197683
0.0612558
1.2526
-1.0741
-1.38422
-2.15822
-1.88761
0.111088
1.09351
-1.39412
-1.61088
-0.150742
2.51171
-0.928453
-0.637167
0.694187
-1.66317
0.499376
1.49742
-1.15208
1.19491
-1.00167
-0.978219
-0.425947
0.32258
1.07915
-0.509466
0.047547
-0.414413
-1.02826
0.370622
0.596739
0.882331
-0.601315
0.525042
-0.873333
-0.657068
-0.478837
0.315428
0.235043
-0.201075
-0.461712
0.0504477
-0.882582
0.837331
0.90861
0.566659
0.728473
1.37068
0.576411
-1.23279
2.0996
-1.64589
0.212388
-1.46585
-0.303501
0.236866
2.67269
-0.493744
-0.127686
0.718862
-0.345896
-1.03614
-0.709107
-1.33173
1.62927
-1.60382
0.913733
1.20895
-0.431577
1.35174
0.0703889
0.136327
-0.723711
-0.936774
0.22371
-0.349667
1.74867
-0.356663
2.58799
-0.572094
-0.20306
1.32486
-1.66879
0.183736
-0.664438
0.979782
-1.31601
1.35788
-0.541343
-0.129951
-1.61779
1.38125
-0.649214
0.204043
-0.26523
-0.206342
-0.217512
0.0370759
0.96033
0.989136
-1.71462
1.00037
1.23056
1.83062
0.079489
1.06271
-0.392967
-1.08516
1.06907
-0.17088
0.155428
1.43522
-0.0358067
-1.2487
0.155203
1.81201
-0.0886652
2.13463
1.27893
-0.96651
-0.751902
1.17158
1.14949
-0.901044
0.250298
0.557592
2.06113
0.302158
-0.791999
-0.846368
-2.01954
-0.140478
1.31111
-0.78977
-0.0283332
-0.0866678
0.300592
0.031761
0.385832
1.57144
-0.464289
-0.444354
1.12288
-0.788236
1.75236
0.0549522
-0.418243
1.08853
0.437392
-0.920048
-0.913644
1.08459
-0.749725
0.0814464
0.975197
0.477775
-0.39895
-0.20607
-1.5534
0.688817
0.990428
0.380602
-0.161027
-0.275137
-0.782273
0.471211
-0.156443
-0.177842
0.396354
-0.259566
1.76496
1.05989
0.043003
-2.51689
-1.14285
-0.367607
-0.484752
1.32646
0.0303456
-0.328192
0.208362
-0.703627
-0.239829
-0.482176
0.391572
-0.0692402
-1.01244
-0.42683
-1.07259
-1.43454
2.03294
-0.546683
0.940633
0.436995
2.20243
0.571965
0.763725
0.518474
-1.03783
-0.400414
0.413628
0.680208
-0.0919612
0.343236
-0.288656
0.255774
-0.228786
-0.749667
-0.401951
0.889094
0.655798
-0.595757
1.01685
-1.1384
-1.40788
1.85771
0.072899
0.219952
-0.068127
-0.791223
-1.37666
0.966596
-0.36043
0.153304
0.757263
-0.711197
1.02893
-1.90117
-0.622555
-2.03447
0.0759885
-0.0296966
-0.370372
-0.937559
0.507054
-0.83235
-1.15798
1.0202
1.64293
0.67345
-0.570116
0.184182
0.131755
0.733895
-0.0531642
-0.43495
0.369232
0.534393
1.68536
-1.00319
-2.68675
-1.0306
-0.747397
-0.103176
-0.451399
-1.99026
-0.684009
-0.679864
-0.147126
-0.244409
0.254248
0.597718
-0.0934958
1.88794
1.4338
0.0487724
0.514593
-0.0829182
-0.822326
1.14577
-0.663047
0.580313
1.49156
-0.291255
0.169115
0.755565
-1.15261
0.522528
-1.22937
-2.22058
1.05697
0.0191776
1.1705
-0.221747
0.213533
1.12828
-0.648101
1.23652
-0.455385
0.601679
0.90225
-0.331678
0.620226
1.70438
0.588766
1.29095
-0.729731
-0.0537487
1.29732
-0.823168
0.60457
0.831837
0.901337
2.1857
-0.728982
0.55501
0.811865
-0.718418
-1.58515
-0.0526899
-1.45908
0.359182
-0.367476
1.77213
0.475103
0.118439
-1.59638
-0.478582
-0.302238
0.226722
-0.756067
-0.0708744
0.311708
2.12522
-0.228552
-0.280267
-0.704375
-1.39163
0.801053
0.714751
-0.850612
1.48396
0.613475
-0.972823
-0.633657
2.16
0.442698
-0.871156
0.19943
-0.927484
-0.495509
-1.80328
0.81992
-1.26185
-0.559107
1.0388
-0.255032
0.501337
-0.731362
-0.472262
0.80313
0.997017
0.61317
-0.493189
-0.450697
0.302704
0.162649
0.184671
-0.913094
0.266823
-0.666202
-0.688799
-1.05126
-0.495916
-1.04733
-0.0797513
1.31459
0.529939
0.79186
0.459618
1.32134
-0.754168
0.603854
-1.00175
-0.713351
0.641013
-1.14645
-0.239707
-1.05141
0.0736168
1.22647
-0.338177
0.55331
-0.0968422
-0.130137
-1.12245
-0.0375312
0.0821835
-0.710901
0.659503
-1.60366
0.620486
-0.429222
0.693505
-0.954502
-0.871396
-0.645314
-0.207273
1.76625
-0.630382
0.85409
0.313218
-0.4802
-0.246456
0.00492216
-0.685303
0.618795
-0.528168
-1.1581
-0.759344
0.0126078
0.905315
-0.211759
-0.507164
-0.0756772
-1.79979
-0.32894
0.0677272
0.50776
-0.162861
0.861589
1.08885
1.24075
0.453615
-0.415233
0.150247
0.157665
0.926383
-0.683113
-0.111499
-2.15037
1.38188
-0.879748
-0.136457
-0.978248
0.804527
1.37424
-1.34199
-0.683809
-1.06026
-1.09978
0.0594423
1.05916
-0.802635
0.457426
-2.0592
-1.23545
0.771284
1.18291
-0.821088
0.177458
-1.66962
2.0898
-0.155705
-0.760451
0.0848582
-0.353307
0.226357
-1.93506
-0.105794
0.233953
1.23926
0.832653
1.99062
-1.19819
-0.602241
-1.74621
-1.30002
-1.89151
1.91052
-1.52379
0.966732
-1.30201
-0.539606
0.120967
-0.987412
0.6978
-0.338516
-1.92088
-0.105415
0.136129
-2.19794
-1.51841
-1.22343
-1.14423
0.863334
-0.352978
0.337612
0.143379
1.77323
-1.0637
-0.271967
0.721821
0.863978
0.673661
-0.247117
-1.90344
-1.72081
-1.05476
0.243845
1.47928
-0.934574
0.804219
1.24877
-0.0514876
1.02804
0.82577
0.0201924
-1.69016
1.44672
1.24894
-1.33543
-1.62854
0.401622
0.129876
-0.769386
1.14564
-0.777006
-1.28212
0.473731
-0.562417
-0.337808
-0.717753
1.06048
-0.870805
-0.82075
0.896446
-0.299613
1.28238
1.28619
2.06538
-0.0315191
-0.19931
-0.656103
0.227479
0.505724
-1.11145
-0.400768
-0.0872225
-0.374205
-0.0110659
-0.487265
1.90846
-0.872179
0.473256
0.561646
1.00027
-0.668679
0.598445
1.12661
1.03536
-1.38344
0.189764
-0.345838
1.45758
-1.02314
-0.673955
-1.38036
-0.397062
0.746938
1.22731
-0.0669696
-0.321908
-1.01863
-0.208629
0.387504
0.935472
0.183259
-1.01568
-1.50204
2.06264
1.12027
1.94765
1.11522
-0.12306
0.846363
-0.536517
1.76837
-0.0912881
2.02536
1.79433
-0.355149
0.802391
0.693069
0.270023
0.227044
0.469334
-1.309
0.583477
1.0884
-0.462949
0.180953
0.564778
0.431747
-0.701037
0.925147
-0.667645
-1.28012
1.37753
1.19653
1.45995
0.120764
-0.761573
-0.136317
-0.169342
-0.0617608
1.55815
1.26784
1.76649
0.524571
0.329232
-0.318387
1.07046
0.956476
-0.296497
-0.313882
1.452
0.203196
-0.535712
-0.126905
1.77299
1.07864
-0.685806
-1.44088
2.45596
1.05493
2.06239
0.169179
0.642327
0.0586087
1.91879
0.0183976
0.763626
-0.756084
-0.649564
-1.69898
0.727353
-0.198666
-0.849018
0.425579
0.106153
-1.00163
0.563333
-0.39068
-0.29563
-0.404166
0.866447
-2.32865
0.18366
-0.728699
0.717913
0.485869
1.2731
-1.29566
0.00422851
0.125344
0.840634
0.352781
1.11452
0.0664165
1.03661
1.04474
1.13267
0.909988
-1.18666
-0.0891572
-0.967249
0.92849
0.625303
-0.75541
-1.1378
-0.0452422
0.204284
-0.414863
-1.0419
0.0758896
0.910339
-0.703538
-0.943956
1.14862
0.111848
1.96468
-2.57553
-0.814321
0.524405
-2.19031
-0.242554
-1.01291
-0.747
-0.830974
-1.29073
-0.173419
0.278461
0.944382
1.14369
1.1603
-0.826246
-0.208063
-2.21927
-0.715239
0.949345
1.49743
-0.604093
0.788382
1.74328
-1.84806
0.310493
0.0758694
1.64735
-1.8933
1.70242
0.181376
-0.271127
-0.818065
-1.66247
-0.495117
-0.538633
-0.861862
-0.0843982
-0.654078
-0.213103
-0.608068
0.33738
-0.256598
0.836294
0.997743
-0.919274
-1.45862
-0.350273
-0.919995
1.06908
0.872981
0.123493
-0.743239
0.484257
-0.624468
-0.605714
-0.773715
-0.341101
-1.07438
-0.0416254
0.162041
2.11903
-0.598565
-0.577894
-0.118541
-1.45246
-1.51073
0.419725
0.634362
-0.814255
2.36228
0.160704
-0.27102
0.0135371
1.68341
-0.212502
-0.252263
0.3905
-0.0771463
-0.0408165
-1.31548
0.20614
-0.424923
-0.995055
0.496537
-0.524328
-3.29195
0.341809
-1.50607
-0.632772
0.785365
-0.455264
-0.302321
-1.90238
-0.0531572
-1.41651
-0.624258
0.0486607
0.639917
0.033903
2.14676
-2.01282
0.021607
0.857367
1.11195
-0.373426
0.865117
1.47221
1.48279
-2.50967
0.375481
2.50925
1.28237
-0.409716
1.88911
0.158705
1.11713
0.265369
0.127392
-0.189322
-0.853091
-0.49617
-2.17907
0.480817
-0.531463
-1.49423
0.584892
0.603492
-0.286629
-0.855592
-0.587633
0.46279
0.830989
-1.15318
-0.101651
-1.28813
0.389878
0.0655317
1.75153
-0.61179
1.88986
-1.06566
0.56784
0.848216
-0.530912
-1.81587
-0.929417
1.61556
1.11299
0.464125
0.27719
-0.114836
1.25116
-0.628352
0.738929
0.470714
-0.895851
-0.130745
-1.84072
1.03048
-0.90756
0.541222
-0.149844
-0.607764
-0.900204
-1.14082
0.461238
-0.485379
1.51856
-1.69829
0.873764
1.34485
0.0473659
-0.606421
0.482184
-0.290416
1.53589
0.124973
0.217813
-1.08099
-0.904958
-1.72344
0.834331
-1.19802
-0.343228
-0.742171
0.615109
0.0721024
0.576685
0.689415
1.229
0.468308
-0.573791
0.229445
-0.766628
-0.0650485
0.297919
-0.360495
0.531946
1.0762
-0.106017
-0.338068
1.44849
0.605868
0.790337
0.418565
0.00763233
-0.582207
0.717977
0.00417198
1.15936
2.117
-0.506461
0.905817
1.00507
-2.42885
-1.06097
-0.321025
-0.51414
-0.775222
-1.02776
-0.957948
-0.567945
0.053702
0.764027
-0.786206
0.318514
-0.139088
0.297011
1.43227
-0.969025
0.407809
-0.945983
0.352383
0.20813
0.376
-0.0347789
0.46228
0.887425
1.40695
1.03527
0.671764
1.21724
1.24609
-0.136073
0.339084
0.77484
0.265455
1.38866
0.319759
-0.759547
0.638147
1.27457
0.392086
-0.820929
0.257533
-0.499965
-0.157174
0.199237
-0.706405
-0.703416
0.858316
0.521241
-0.282289
0.459637
-0.308801
0.031265
-1.40814
-0.666822
-0.235826
0.202969
-1.82025
1.51478
0.698866
-0.133906
0.848336
0.58851
-0.476354
-0.888908
-2.12207
-1.27594
1.47231
-0.237808
-0.239077
-0.194978
-1.60589
0.184028
-0.417061
-1.18072
0.592768
-0.587208
-0.721888
0.0952656
0.320042
0.161104
1.61482
-0.423062
0.0514117
0.80789
0.963948
0.0253935
-1.43799
-0.405139
-1.08151
-0.216542
0.00506281
-0.19657
-0.459958
0.580942
1.77038
1.84455
-1.2386
0.765315
-0.26736
1.0233
-1.20033
0.380014
1.63012
0.753259
0.427601
-1.36369
-0.0946172
-0.00736677
-0.159328
-0.122527
-2.206
0.74225
1.94187
0.982013
-0.941205
1.112
-0.611512
0.487398
1.45118
-0.780583
-0.253829
-0.747725
-1.4592
-0.137666
-0.427153
0.0783021
-0.643216
0.906057
-0.372358
1.28709
0.993863
-0.668401
1.95062
2.34057
-0.486535
0.0106185
1.47634
-1.18681
0.229125
-0.758337
-0.436234
0.170127
-1.12949
-0.826171
1.93159
0.927989
1.19386
-0.299175
-2.18892
0.539091
-1.10346
-2.86725
0.183277
-1.23515
0.271061
-0.257127
0.013303
-0.746165
0.737315
-0.506161
-0.492862
-0.748537
-0.746627
0.124458
-1.64093
-0.70307
-1.65394
1.53929
-1.48177
0.739085
0.967748
0.700288
0.392275
-0.927756
0.161239
-0.049287
1.13571
-0.896062
0.235455
1.50542
1.30864
-0.0907161
-2.29255
0.115991
1.09567
-0.19977
-1.14554
1.3724
1.17204
-1.00246
-1.17512
-0.700367
-1.59266
0.768475
-1.64452
0.297126
0.257061
0.049663
-0.908012
0.147406
0.809702
2.03722
-1.67846
0.278305
0.964536
-0.732548
-1.19889
-0.470485
1.32029
2.40903
1.4023
2.05294
0.503847
-1.90033
-1.90213
0.185517
0.165236
-1.04227
-1.72039
1.03974
1.11381
-0.192347
0.911279
-0.836561
0.736125
-0.625786
0.337073
-0.431239
1.09966
0.221255
-1.64597
-0.476424
-0.571647
0.982859
-0.337494
-1.13138
-2.44947
-1.44444
0.617693
-0.601527
1.36158
1.13131
-0.0147761
-1.1482
-0.519221
0.252788
-0.159307
-0.771857
-0.482671
0.401768
1.04646
1.73795
1.10634
1.01745
1.01533
-0.0657176
3.12035
-1.2985
-0.824457
0.96589
0.345628
0.644016
-2.23366
-0.60043
2.47857
0.999188
1.61136
-0.858146
1.10966
0.842284
-0.224976
1.17237
-1.06814
0.756862
-1.20384
1.51936
0.335827
-0.89718
-1.63589
0.754095
0.157442
-0.257119
0.0912435
-1.82473
0.112824
2.65475
0.145105
0.344301
-0.0324522
0.653944
1.37523
2.06846
-0.895792
0.892936
-0.680013
-1.74244
0.324272
-1.0598
-0.344995
-2.36318
0.492442
-0.447925
-0.879672
0.235367
0.849086
-0.940102
1.69119
-0.24011
-0.253608
1.0463
-1.55126
-0.869345
-1.89396
0.82133
0.739228
1.98879
-1.09575
0.855835
1.36377
0.0795835
-2.37461
0.916524
0.75986
-0.861978
1.35326
-1.22201
1.07534
-0.545686
1.37096
0.403546
-0.844617
0.566866
-0.318335
-1.95243
-1.81816
-1.2326
1.56033
-0.367646
-0.359925
-0.260927
-2.38674
-0.891157
0.763889
0.321567
1.04181
-1.94685
0.995526
1.20326
-0.770315
2.11509
-0.478105
0.589985
-0.127832
-0.30926
1.10625
0.610588
-1.43073
1.1045
-0.209585
-0.254109
-0.840311
-1.00303
-0.917573
0.401926
0.741619
-1.04311
-1.57256
-0.347341
-0.439982
0.430239
-0.647118
1.23498
1.30981
0.848588
0.376562
-1.49711
-0.84023
-0.344144
2.16118
1.13533
1.18484
1.87937
-0.304326
1.09614
-0.178827
0.0257429
-0.727379
-2.56158
-0.117894
-0.66752
-0.151759
-1.03664
0.0180517
-1.41182
0.555238
2.35424
1.19987
0.834923
0.299962
-1.54929
0.267073
0.962063
-0.136555
-0.887061
0.233525
0.855722
1.06812
0.590518
1.24865
0.741309
-0.424817
-0.321195
-0.0584433
-0.409379
1.66974
-0.768548
1.91846
0.0107371
0.688221
-1.0615
0.0453722
0.172176
0.524044
0.109641
-0.381682
-1.16617
0.616196
-1.02245
-0.168047
-1.21991
-1.91969
-0.368479
1.04734
-0.80079
0.0199781
-0.300801
-0.811746
-0.251471
0.866496
1.31982
-0.839672
-0.415817
1.59045
0.450158
-0.77425
0.179901
-1.39653
-0.060685
-0.700281
-0.551919
1.33244
1.02308
0.306778
1.46744
-0.102787
-1.54944
2.00332
-1.65459
0.298694
0.152946
0.598704
-1.07305
0.535203
0.0842651
-1.05751
-1.57349
-0.449417
-1.332
-1.05229
0.237816
0.19412
0.362827
1.02233
-0.422845
-0.558971
-0.391268
-0.832246
0.192681
-0.143918
-0.23295
1.85549
2.14514
1.19819
-0.78009
-2.06642
-1.88082
-1.63651
-0.18826
0.289824
0.399086
0.267257
0.614523
0.59012
-0.372851
-0.449315
-0.116669
-0.194059
0.372257
-0.00558431
0.540909
-1.65029
-0.453096
1.07616
-1.61193
-1.05205
-1.14958
0.0543826
0.189425
0.437516
1.20942
-1.82975
0.559042
0.82847
0.457046
-2.31168
-1.31261
-0.299704
-0.226005
0.934753
0.298801
0.0803859
-0.608265
0.902276
-0.13817
0.831865
-0.353207
1.35787
-0.359297
0.24107
-1.74998
0.734434
-0.418955
0.557193
-0.774823
-0.0514044
-0.0967579
-0.266797
-0.364638
1.01793
-2.44229
-1.55039
1.6989
1.23521
1.70531
-1.0006
0.493881
-0.00842817
0.0478304
-1.642
2.6544
-0.089999
-1.41286
0.006156
2.64418
0.149158
0.409764
-1.86211
-0.103234
-0.0820754
-0.0531523
0.15559
1.08437
-1.01841
-0.157537
-2.20572
-2.20264
1.35823
0.891183
0.622297
1.33349
-0.695364
-0.796029
-0.185
-0.584486
1.43236
0.433407
0.388812
0.189597
1.68773
0.291198
0.485758
0.0211018
-0.386437
-0.0289618
0.0852984
0.01902
-1.4618
0.244853
1.75479
1.64792
0.149809
0.822195
-2.65818
-0.294558
-0.480164
-1.54634
-1.39012
-1.15295
-0.0871221
1.09875
-0.320363
-0.508434
0.834742
0.0486541
0.0737658
-1.11702
-0.383111
0.642441
-0.626524
1.21692
-1.36922
1.21929
0.746947
-0.089701
-0.357896
0.846974
0.368455
-0.917109
0.692503
0.169148
-0.455429
-0.240219
0.381796
-1.22931
-1.28966
0.594235
-0.516578
0.704248
-0.527987
-0.273954
1.35178
-0.558267
-0.156803
0.54445
0.516876
-1.20136
-0.205711
1.24922
0.621278
-1.5176
1.93877
0.0404427
1.5115
-0.807162
-1.38029
0.464444
-1.3843
1.00655
-0.455499
-1.61504
-2.45032
-0.580337
-0.104945
-0.660222
-1.69969
-0.562127
-0.574669
-1.30152
-0.831945
0.241972
1.98526
-0.651235
0.22202
0.414939
-1.20169
1.35741
0.473713
0.343655
1.57313
0.559093
0.129139
1.31134
-0.914762
-0.138002
-1.61719
0.166489
-0.489992
-0.12044
-0.70373
-0.0146298
0.481196
-0.095189
0.0333
0.421731
0.10503
0.814199
0.240261
-1.23445
0.0885752
1.41648
-0.407802
-0.150598
-1.27742
-1.90305
-0.299248
-0.496936
0.341518
-1.0256
1.40852
1.65839
-1.20524
0.289856
-2.52976
1.78844
0.711904
0.2235
1.14118
-0.131697
-0.569762
0.518859
-1.13214
-0.741953
1.015
0.430373
-1.29456
1.74679
-0.480466
1.04739
0.929019
-0.743174
-0.0965608
0.22114
-0.836527
-0.0946494
-0.71099
1.58509
-1.45558
0.719131
-0.506416
0.80626
-0.733795
-1.05853
-0.540832
-0.16868
-0.852723
0.214767
0.0392084
-0.992393
-1.79949
0.119189
0.846844
-0.931903
0.324136
-0.225457
1.5704
-0.740212
1.76256
-0.396761
0.778239
-0.759984
1.19028
-0.713316
-0.400985
-0.589931
0.128233
-0.207811
0.236102
-0.559841
-0.28393
0.243269
-1.70826
-0.756871
-0.0592412
0.0547997
-0.484239
0.642512
-0.948136
0.592424
-0.468527
3.38136
-0.811755
1.27546
-1.25421
-0.960853
-1.07247
0.700936
-0.365926
0.0332137
-1.57987
1.29481
0.365857
1.40039
-1.05774
1.3496
-0.291768
-0.858668
1.22403
-0.782897
1.62397
-0.712258
-1.52091
-1.59786
-0.290725
-1.82828
0.0311924
-2.0186
0.353306
-0.269486
-0.498138
-0.989306
0.369604
-0.387212
1.22427
0.133644
-1.39714
-0.547986
-0.258834
-1.74384
-1.04266
0.494863
0.93037
1.19886
0.163344
-0.702557
0.350071
-1.2134
-2.20555
0.353202
0.379163
1.52626
-1.03476
-0.316862
-0.105164
0.115791
0.639607
-2.28639
1.84917
-1.40543
1.05793
-0.877251
-0.166481
0.228557
0.39116
0.183684
0.0593609
0.956472
0.206313
2.61861
1.56637
-0.529999
-0.795059
-0.413536
1.59892
-1.51579
0.0759169
-1.12843
0.0044974
0.298863
-0.435015
-1.58111
-0.354199
-2.0955
-0.563554
-0.688443
0.177461
-0.329445
-0.384013
0.0694568
-1.09005
-1.47247
0.0752741
-0.25184
1.27413
-0.141766
-0.208952
-0.559624
0.0558699
1.01541
-0.110475
-0.206857
-1.38344
1.11247
-0.962412
0.94532
-0.466825
0.541135
-0.552939
-0.130105
-0.487006
-0.187078
-2.1167
-0.618612
0.141802
0.233466
0.368702
0.119494
-0.468387
0.00856728
-0.375642
1.50904
1.92665
-0.882772
1.00936
0.340466
0.694521
0.326543
-0.0891052
0.46861
-0.733238
1.31671
-0.282957
1.08744
0.503898
0.956503
0.844651
-0.62324
-0.246566
-0.0824466
0.316957
0.895034
0.128069
0.639713
0.0217964
0.885354
1.67767
-0.0896103
0.109251
0.793047
2.1362
0.657403
1.6093
0.159624
-0.868546
-0.75696
0.222335
-0.6579
0.316215
0.141198
0.186014
-1.0065
-0.581045
-0.354164
-1.9501
0.977874
0.409305
1.15085
0.344426
-0.197629
0.41527
2.42767
-0.10395
-1.10986
-2.03184
0.272455
-1.05744
0.815988
1.72751
-0.182934
-0.894704
-1.76576
-0.866051
-0.564366
0.698489
0.817662
-1.32866
-0.443529
0.795777
-0.379266
-0.707662
0.00958503
-0.328332
-0.645513
-1.46372
0.84011
-1.39536
-2.23124
0.979331
-0.510899
2.09941
-1.94106
1.0214
0.352194
-0.20622
-0.777788
-0.200628
-1.6135
1.24184
-0.43776
0.362469
1.18963
1.22891
0.62915
-0.0950182
1.87592
0.104092
0.333145
0.918197
-0.92532
1.1373
-0.906841
0.227383
1.03491
-0.562526
-0.624174
0.136896
-0.420958
0.497366
-1.88717
0.761605
-0.0664925
-0.823077
-0.902408
1.3375
0.871509
0.799665
-0.664721
1.10914
0.944031
1.07183
-0.0297135
0.700247
-0.0334303
0.0984884
0.387683
0.929335
-0.0813413
-2.24411
0.453252
-0.685491
1.42145
-0.688616
-0.397731
-0.989824
-0.0885159
-0.795302
-0.376524
-1.33365
-1.19865
-0.370751
0.42244
1.64687
0.391126
1.14071
0.62788
0.285125
0.877132
-1.02084
0.165605
-0.661914
-0.290418
-0.420496
0.665729
-2.25852
-0.839484
1.21991
1.34991
1.1256
-0.732743
-0.18047
0.809052
-1.28358
2.02722
1.3752
0.450289
-0.193286
-0.515434
0.544361
0.664693
-0.0341428
-0.591479
0.04645
-1.02321
-0.129172
0.619704
-0.0782116
0.189595
-0.357878
-2.63528
-1.29721
-0.337481
0.00571947
0.272039
-0.367407
-0.21968
0.6876
0.159369
-1.06795
0.265686
0.475653
-0.329071
-0.835939
-0.953365
-1.59434
0.210238
0.0608319
-1.30975
0.948489
-1.26191
-0.265968
-0.595079
-1.72813
1.64096
1.34188
-0.143014
1.07766
0.801817
-1.5283
0.227578
0.145454
-2.4018
0.526859
0.932941
-0.0649784
1.51713
0.277927
-1.09907
0.460553
-0.527916
0.24072
-1.14181
0.556547
-3.55145
0.189823
0.56439
-0.559887
-0.373066
-0.496531
-1.7478
0.0750414
-1.68255
1.45406
-0.23974
0.181757
0.109996
0.601506
0.324282
0.8952
-1.49467
-0.261086
1.68754
-0.767269
-1.35792
-1.46932
1.12538
1.40851
-0.00863481
0.874744
-2.1989
0.776908
0.268359
-1.37837
2.36332
0.358952
0.389342
-1.33405
2.71282
-0.63461
1.45178
-1.1412
1.47058
-1.0371
0.844274
-0.28085
-0.211093
-0.05146
1.39291
0.340532
-0.122067
-1.28609
-0.956734
1.5695
1.84909
-0.171198
-1.94999
0.644506
2.22626
0.767302
-0.808306
0.327972
0.120003
2.04219
0.52743
-0.839846
-0.190185
1.39187
0.156668
0.423921
0.966606
-0.722025
3.68627
-0.946406
0.778063
-0.331079
0.086817
-0.733142
0.202255
1.1002
0.78064
-1.19884
-1.07825
0.117687
-0.320089
1.77148
-0.18499
1.58747
-0.456408
0.0769812
-0.632703
-0.394163
0.5118
-0.50086
-0.511891
-1.64444
-2.31137
-0.38976
-1.3323
-0.185903
0.0706154
0.919631
-1.23515
-0.862447
-0.581241
-0.408209
-1.15182
-0.940501
-0.750466
-0.911499
1.25592
1.55891
0.700584
-0.734793
1.57166
1.21402
0.555977
-0.276098
-1.46566
1.4704
1.93411
-0.635233
3.35595
0.115377
-1.25027
0.191009
0.256543
-0.688186
1.88749
-0.628255
-1.30638
0.436136
2.15299
0.646946
0.264984
2.42194
-0.757306
-0.876307
-0.960778
-1.2421
0.146726
-0.487421
-0.378047
0.925283
-0.342614
-0.130918
-1.69556
1.1819
1.26487
-0.00751104
-0.661417
0.44799
0.607743
-0.873275
0.84545
-1.55319
0.619203
0.229491
0.741333
0.658204
-0.882299
0.302988
0.77761
-0.810512
-1.62244
0.104081
-0.323023
0.309374
-0.546946
-0.0848052
-0.830921
2.09722
0.58168
0.526908
-0.588405
1.0567
-0.308083
0.66324
-1.83229
-0.846295
-0.78594
0.100873
-0.499719
1.37253
0.524439
0.837402
-0.0757252
0.510521
1.15029
-0.729285
-0.328293
0.877083
1.49801
0.0980478
-0.632601
-0.469594
-0.276681
-0.961645
-1.09903
-1.23898
-0.430398
-0.856279
-0.342106
0.68815
-0.0975247
0.742727
2.25602
0.366785
0.299158
-2.91126
-0.388534
0.328007
-1.43849
-0.981619
-0.734767
-0.97524
0.586661
2.28669
0.365266
-0.652694
0.35011
0.733848
0.0975551
-0.662833
2.24734
-0.64078
0.439905
-2.01276
0.597217
-0.519706
0.973595
0.725132
-0.0746934
0.94974
2.23339
0.455547
0.825085
0.243259
0.29918
0.023464
0.527791
0.073514
-0.4208
0.868706
-1.52451
1.3522
1.43707
-1.6209
-0.121077
-1.06692
0.966366
0.203555
0.384244
0.262744
0.283403
0.41565
-0.32816
1.97743
-1.24411
-0.411454
-1.69601
1.47521
-0.416696
-0.310079
1.77894
0.459277
-2.31851
-0.0950899
-0.638383
-0.651299
-1.00182
-1.03115
-0.481086
-0.274657
-0.185836
-0.217334
1.74193
0.877578
-0.314355
1.55701
-1.14248
0.0376407
-1.27464
0.63207
-0.0479374
0.371733
0.712271
-0.830756
-1.34696
0.162869
0.485264
0.163687
-0.632531
-0.342568
0.182383
-0.997504
-1.11532
-0.00391233
-1.2656
-0.772497
0.94147
0.0615632
-1.06982
1.76644
0.804782
0.931493
0.800111
0.162818
-0.313439
0.658526
1.12858
-0.148431
1.13693
0.333242
1.10328
1.3796
0.384607
1.45173
0.126347
0.949671
-0.212885
-1.9835
0.791597
0.548431
0.573278
0.448691
0.296763
0.599155
0.161985
0.0178619
-1.07652
0.104647
0.829411
-0.0632015
0.869017
-0.172443
-1.51876
0.74312
-0.529739
-1.12673
-1.1674
0.169014
-0.41425
0.49501
-0.854222
0.255392
-0.0910762
-0.123011
0.45365
-1.31126
-0.0598947
1.57428
0.0891426
1.46905
0.990883
0.147147
-1.09172
0.772711
-1.91868
-0.589687
-0.454499
1.11586
0.337332
-0.381348
-0.287458
-1.96211
0.373083
0.627614
0.354559
-1.01262
-0.73645
-0.133313
-1.38945
0.300521
1.34377
-0.911551
0.0474547
0.551271
0.083911
-0.0701945
-0.0566223
0.594976
2.04209
-0.0770229
-0.878417
-0.39331
1.43881
-0.260941
0.54051
-0.410262
1.66987
1.4432
2.06693
0.865745
-1.81975
0.317529
-0.249035
-0.239871
-0.241066
-0.406547
-0.720135
0.205575
1.32099
-1.24184
-0.250783
-2.4181
-0.452647
1.77329
2.62827
0.327972
0.0432031
-0.752603
0.435271
-0.773843
-0.34973
-0.551929
1.09395
0.819845
0.86765
2.62939
0.339826
1.32159
-0.175836
0.273429
1.35591
0.630906
1.18735
-0.727126
1.35952
-0.123699
1.91632
0.507144
-0.924004
0.586677
0.063413
-0.790751
0.979904
0.126226
-0.449848
0.352956
1.59694
-0.0633677
0.226342
-0.919585
1.65343
1.31464
-0.57113
-0.0966091
0.33471
-0.0200616
-1.07732
0.201733
0.678186
0.273248
0.629745
-0.422787
-0.758661
-0.174191
0.459956
0.334074
-0.924705
-0.514057
1.12921
0.425245
-0.168107
-1.15663
1.07876
1.16439
-0.224754
0.541094
1.42661
-0.705306
-1.5202
-0.972904
0.0999877
0.168699
0.0602131
0.965097
2.17358
0.236707
0.62475
1.68474
-2.46998
1.17079
-0.269494
0.546679
-0.607361
1.03022
0.314388
-0.606853
1.30941
0.86044
0.0424094
-0.618994
-0.875103
-0.101275
-0.447276
0.0176989
1.75878
-1.7745
0.925398
-1.8525
0.964228
0.341159
-0.576913
1.32538
1.48121
0.885213
-1.17143
-0.109282
0.634352
0.897744
0.652055
-0.857524
-0.0334736
0.806403
0.954089
0.592524
0.403037
0.164058
2.20564
0.631312
0.308933
0.516662
0.00837462
-1.77919
0.909485
-0.32474
1.26416
-0.432935
-0.726022
1.07273
-1.61997
-0.830994
0.154662
-1.02513
-1.48397
-0.46464
1.65188
-1.11482
0.447503
-0.382947
0.789437
-0.730417
-0.80978
0.899525
0.502777
0.0974287
-0.451771
-0.488379
-1.17209
-0.0497015
-0.618986
-2.06529
0.690329
0.603987
0.24548
0.904327
-1.07832
-1.71476
-0.000964729
-0.0447002
-0.312879
-0.354782
-0.636194
-1.81793
0.411562
-0.222917
-0.326539
-0.0998098
1.23254
1.06318
0.0622403
-1.8983
-0.31045
0.534516
-2.34619
-0.481626
-0.458987
0.0637519
-1.06769
0.193006
-1.8508
-1.44835
-0.216963
-1.55701
1.2994
-0.516279
0.804233
0.556568
0.922397
0.65352
-0.884991
-0.357837
1.69143
0.811044
0.444216
-0.150349
-0.525632
-0.165056
-1.72727
0.445012
-1.42454
0.807053
0.546214
-0.290032
-0.643048
-0.346114
-1.60198
1.71724
0.91181
-0.108195
0.19112
-0.629903
0.0532898
0.0346612
0.0399502
-0.351797
0.571075
-0.196839
0.441209
-1.65784
0.605373
-0.599191
1.14513
-0.858251
-1.3653
-0.859867
1.51088
0.886092
0.128731
1.32887
0.330227
-0.325339
0.455006
-0.316114
0.113605
0.26486
-2.23389
0.339083
-0.597049
0.702902
-0.944073
-2.16353
-0.355976
0.0426646
0.357191
0.0338478
0.508747
-0.427837
0.988613
0.977462
0.655695
-0.149227
-1.19493
-0.519604
-0.344658
-0.495061
0.845411
-0.187129
-1.72699
-0.278055
0.0314815
0.1483
-2.39388
1.49257
-0.156012
-1.10086
0.00103282
-1.18928
-0.311717
1.12406
-0.50984
-1.51436
-1.43127
0.233901
-1.70326
-0.215923
-1.17364
0.0832507
0.985284
1.01281
0.175039
-0.553499
1.24929
-0.124386
-1.21361
-0.791178
-0.585341
0.72274
1.11167
0.223248
-0.988572
-0.354557
-0.564136
-0.444314
-0.840412
-0.498344
0.71213
-0.699895
-0.759914
1.58668
0.119726
-0.05459
0.616417
-0.652224
0.235044
-0.911646
-1.74106
1.11685
-1.98155
-0.73954
-1.13188
0.0447535
-0.219056
0.529226
-1.22408
-0.25194
1.12636
-1.30862
-0.195753
0.309246
2.07437
1.03911
0.382851
1.36378
0.397819
1.48843
0.256082
-0.0690851
0.383804
0.511086
1.44565
-0.48502
-0.0626707
0.0336214
1.81282
1.59943
-0.256013
0.013302
1.53061
0.919217
-2.48114
-0.454612
0.0983577
-1.32306
0.792788
-2.00329
1.56353
0.242988
-0.266803
-0.610772
0.243009
-0.136557
0.386599
-0.248361
0.68711
-1.79517
0.691506
-0.812913
0.415693
-1.34997
-0.874004
1.63521
-0.930228
-0.519563
-0.681025
1.04406
0.404119
0.648272
0.802539
1.01772
-0.203098
3.09284
0.457595
1.15117
1.68926
-0.0922611
0.148795
0.990806
-0.391388
-0.995282
-0.387571
-1.62022
-0.164142
-0.112052
0.316485
1.44418
-0.552562
-0.423384
-0.609114
0.353585
-1.10386
0.76535
-0.890086
-0.249204
0.350513
-0.532701
-1.66365
-1.12892
1.11755
2.47666
-1.85543
0.669798
-0.240727
-0.305245
-1.23619
-0.223842
-0.752026
0.362982
1.07552
1.5956
0.549257
0.885373
-2.12547
0.823951
1.45522
1.4299
0.360505
-0.209908
-0.111386
0.351755
0.776866
1.08588
1.00257
0.00919543
1.96341
-0.528755
0.772555
0.40247
0.387642
-1.98655
-0.0122585
-0.999902
-0.0192771
0.650174
-0.477985
0.470775
1.04514
0.416056
0.397132
-0.5875
-0.578675
0.693667
0.25019
0.720196
1.21564
0.0754661
-0.504668
-0.0353282
-0.104363
0.674413
-0.556722
-0.462039
0.306879
-0.541946
0.346509
0.149174
-0.0235803
1.23109
-1.28782
0.744741
0.360048
1.24192
0.246791
1.48531
0.250677
-1.52866
0.575384
-0.648631
-1.29001
0.1942
-1.01085
-0.152955
-0.176979
-1.08166
0.312482
1.7497
-0.108944
0.43731
0.253508
0.185095
-0.0458472
0.858635
0.71983
0.762799
-2.84992
-0.791603
-1.07078
0.190139
-0.829162
-1.43634
-1.57025
-1.21539
0.387461
-0.967608
1.80838
-0.316948
0.0530549
-0.530049
1.48206
0.501046
-1.32718
-0.448736
0.707978
0.0745679
-1.04966
-0.607859
0.893271
1.10102
2.60091
-0.209136
0.825328
-1.33313
1.0403
-1.45856
-1.29175
-1.13545
-0.385098
0.0190225
-0.895356
-0.918572
-0.150318
-0.608549
0.831837
-1.66654
-0.348991
-1.09331
0.0986368
0.450911
1.15493
1.40062
1.06822
1.47859
0.125523
-0.76763
-0.666918
-0.920291
-0.0200097
-0.861096
-0.287741
0.215014
-0.393174
0.610784
0.814954
-0.901465
-0.680899
-0.12314
1.21606
1.97683
0.669618
0.657708
-1.27231
-0.876827
0.300696
0.726786
0.329889
-0.194863
-0.624384
-1.41667
1.2728
-1.12297
-0.362548
1.2449
0.730439
-0.673973
-1.34119
-0.906702
-0.16693
0.691083
-0.678592
-0.887618
0.927623
-0.32579
1.85556
-0.20034
0.0971789
0.101386
-0.649151
0.275108
0.7335
1.67101
-0.96097
-2.03872
-1.31562
-0.415112
1.15658
1.35775
-0.53805
-0.928562
1.33938
-0.943634
-1.32426
0.358755
0.307111
-1.44639
-0.61027
0.0733811
0.840996
-0.0294881
0.628616
1.17365
-0.333438
0.479527
0.0044471
0.808303
-0.190265
-0.145387
3.51706
0.520611
1.00207
-0.793693
-0.320339
-0.101409
-0.0898782
-0.217349
0.0585286
0.777807
0.462868
0.893072
-1.20259
0.165626
0.283907
0.145792
-1.43885
0.806817
-0.861743
-0.246362
1.12805
0.237662
0.132008
0.686925
-0.106561
0.418712
-1.89952
0.699964
-0.135683
0.447865
-0.822207
-1.01955
0.780633
0.730816
0.0410684
1.41699
-1.07023
-1.23885
0.60177
-0.949513
-2.7113
1.16405
-0.108911
0.180809
-0.619408
0.200082
-0.131986
2.03673
-0.693952
0.800247
1.13365
1.25257
0.69879
-1.265
-0.768981
-1.70688
1.43131
-0.677805
-0.751948
-1.35147
0.442018
0.410742
1.79608
-0.359001
0.394625
-0.750457
-0.390168
0.129063
2.23747
0.635024
-1.91491
-0.164211
-0.750068
-1.70907
0.0305741
-0.871572
-0.459111
0.652266
1.51258
1.45573
-0.375242
0.393063
-0.300531
-0.356219
-1.04002
-1.05871
-1.4682
-1.0858
-1.20985
1.38405
-1.35252
-0.753888
-0.685702
0.112726
1.72771
-0.866117
-0.599903
0.216751
0.487942
0.137672
0.251036
-0.924346
0.23916
0.41233
-0.046258
0.100826
-0.769162
0.477666
0.162295
0.0791149
0.565262
1.71573
1.07402
0.0068403
-0.407142
-1.02666
-0.397397
0.897566
-1.88555
0.31221
-0.23026
0.54843
0.0401329
-1.13252
-1.01984
-1.05277
1.45565
-0.0270687
-0.11683
-0.00336443
0.726146
0.921986
0.333517
0.340291
0.546131
0.698254
-0.787194
0.428331
-0.901546
-0.36019
1.53936
0.640999
-0.857089
0.543424
-0.252555
-0.0774152
2.05373
1.4143
-0.680226
0.965043
-0.8212
0.484377
0.787232
0.420699
-0.193932
-0.471996
1.76765
-1.15873
-1.5755
0.790553
0.752429
-0.0275056
0.505208
-1.18575
-0.838461
0.0261176
-0.281191
0.360689
0.437754
0.607441
1.98046
0.479157
-0.331144
0.574409
0.400237
0.469647
0.0333177
-0.612486
0.131063
0.210242
-0.575889
-0.278106
-2.35675
-0.899827
1.25658
0.719529
0.0911189
-1.78293
1.13709
0.0530787
-0.17485
2.2675
-0.874208
-0.00757828
0.793511
-1.03778
-0.241215
0.00703832
0.54891
1.93849
-1.90261
-0.376431
-0.642387
-0.729907
1.61343
1.05111
-1.9269
-0.753661
0.278932
0.663196
0.467463
1.01468
1.19265
-1.23924
-0.623592
0.843194
0.963211
-0.205235
-1.19927
-0.412911
0.030286
0.17673
-0.631015
-0.614078
-0.699568
-0.458769
0.559844
0.273871
0.110703
0.541452
1.34648
1.84264
-0.980955
-0.0451998
-0.0629274
-1.08541
1.15213
-0.849943
-0.295926
0.754457
-0.315318
-1.21301
0.499218
0.857399
0.181962
0.460989
-0.898218
1.33959
-1.55556
0.326661
-0.129205
0.619337
-0.997783
0.72165
0.703436
-0.376909
-1.49666
-0.309859
-0.231733
-1.6979
-1.14192
0.501894
2.0824
0.755935
-2.15058
-0.671324
-0.584592
-1.43126
0.68502
-1.09371
0.655082
-0.261938
-1.61885
0.580839
0.809763
1.8403
1.70483
0.838701
-1.46852
-0.536344
1.23767
0.830846
0.0524278
-0.721822
-1.1081
1.14389
-0.734516
-0.870416
-0.641907
0.823158
0.693411
0.166176
0.11442
0.414418
-1.74508
-1.62357
-0.785763
0.427361
-1.46793
-1.15937
0.147395
0.479241
2.2668
-0.198923
-0.079529
0.648465
-0.641611
-0.292532
0.687128
0.0915567
0.793845
0.366807
-0.202227
0.22311
-0.195551
-0.506634
0.623917
0.948985
1.02651
0.206954
0.471223
0.447638
0.844916
0.0717516
0.312802
-1.71476
-0.352749
1.24903
0.0242655
2.19934
-1.84402
-0.175751
-0.828167
-0.893103
-1.55385
-1.86129
0.58133
0.391581
0.70765
0.880226
-0.902274
0.578526
-0.184167
0.371129
-0.766625
-0.613528
-0.183279
-0.0192598
-0.197829
1.57428
-0.294879
1.06177
-0.00612808
0.921203
-1.47852
-0.457247
0.85572
0.918391
1.16859
-0.474226
1.11484
0.738123
0.402818
2.04314
-1.65479
0.942522
0.215888
-0.485257
-1.41753
-0.348358
-1.47466
-0.677591
0.211816
0.947933
0.335688
-1.06255
1.25228
-0.298285
-0.254978
-1.39785
1.01117
-1.06417
-0.617872
0.192519
1.2551
0.923323
0.0281277
1.24885
2.52574
-0.091271
0.711077
0.174951
-0.420184
0.00136453
0.788254
0.621894
-2.12462
-0.287627
-0.933648
1.18881
-0.869026
-1.40083
0.463267
1.2145
-0.0693617
1.24282
1.55045
-0.0793554
1.77907
-1.25429
-1.28305
1.60882
-0.687364
0.207322
-0.0278047
-0.422641
-0.784809
0.152194
-1.08992
-0.1244
0.444435
1.4492
-0.115668
-1.1385
-0.639336
-0.414512
-0.352648
-0.521032
-1.76848
-0.808376
-0.859264
0.42055
2.17325
0.883112
-0.211484
-0.179537
1.21495
1.22606
1.32749
-0.468884
0.197134
1.41357
-0.5934
0.404179
0.287581
-0.843415
0.303667
0.0720854
-0.940051
0.523794
0.452622
-0.132239
0.809075
0.0791682
-0.378235
-0.495694
-0.413937
2.35302
0.764748
0.185529
-0.418118
-0.610523
-1.41004
-0.171663
0.599936
1.07536
0.695409
0.0309801
-0.776907
-1.19317
0.855959
-0.180012
-0.558851
-0.0908803
-0.435319
-1.21289
1.15895
-1.25563
2.06858
-0.484876
0.337847
-1.03402
0.250411
0.174483
-1.48803
0.323391
1.56586
0.0728402
0.966608
0.744623
1.15446
-1.05807
-0.804168
0.111008
0.0388561
-1.2075
1.54722
0.178551
0.735624
-0.362877
0.678773
-1.51238
1.89855
0.0779654
0.464181
-0.546133
-0.835771
0.467822
2.34868
-0.842215
-0.0142573
0.887375
0.289181
1.1884
-1.04073
1.66478
0.0914008
-0.940498
2.86934
-1.74182
-0.842539
-0.268928
-1.4308
-0.055425
0.0268214
-0.205879
1.6635
-1.88901
0.310228
-1.42138
-0.859952
-0.0819231
-1.94964
0.301325
-0.739017
0.20562
0.90285
0.514754
-0.193448
0.911161
1.01028
-0.55887
1.42069
-1.33992
0.568745
1.38799
-0.0859933
-0.444253
1.61608
-1.18644
-1.02399
1.09984
-1.12136
0.96448
2.72132
-0.543944
-0.423108
1.2128
0.295539
-0.498878
-0.382517
0.428441
-0.763147
0.0400306
0.521433
0.634165
0.401627
0.673492
0.139691
1.70233
-1.05223
1.13062
-2.29997
0.284907
-0.561786
-0.825369
0.40281
1.99017
-0.507691
0.455847
-0.128211
-0.901598
0.366358
-0.502236
0.203526
0.352041
1.41789
-0.783108
1.65092
-0.66266
2.21483
-0.12562
0.66792
-0.570254
0.163785
0.453397
0.850227
-0.237971
0.207354
1.20331
1.51213
0.747879
0.149417
-0.766293
-0.127391
-0.750663
-1.25782
1.30089
-0.114351
-0.833976
-0.0877158
0.396244
0.818026
0.353103
0.500292
-2.13034
-1.15411
2.0707
0.263524
-0.144175
0.923694
-0.311427
-1.08901
0.0932308
0.592782
0.384059
0.990011
0.853053
-0.502516
-0.881777
0.636892
-1.78623
1.3604
-2.24172
0.485767
-0.940669
-0.621804
1.44869
0.896047
-0.285205
-0.850017
-0.040601
-0.521772
0.299213
2.00044
0.665848
0.239503
-1.42345
-2.00487
0.723555
0.470971
-0.375676
0.585565
0.0334953
-1.3696
1.46675
1.96977
1.43173
-0.905082
-0.183434
-0.34026
-0.00687905
-0.234561
0.357857
-0.253331
-0.670023
-2.38351
1.27974
0.147958
1.51684
0.424942
1.92168
-0.254862
1.06314
0.446062
0.896584
0.026636
1.96794
-1.46671
-0.0917153
-1.46011
0.691323
-1.80545
0.203868
-1.17671
0.530877
-0.695359
-0.274373
-1.16719
-1.8204
0.0272768
1.5235
1.51331
0.884545
0.491915
0.377564
0.871748
2.18262
0.000678314
0.279749
-0.859535
-0.130978
2.05781
0.214429
0.213606
-0.938802
1.23705
0.125494
0.654253
0.316849
-0.249028
-0.220798
-1.48464
1.1016
-0.135436
-1.26678
1.18038
0.470651
0.324826
0.23939
-0.710162
-0.577603
0.695893
0.898299
-1.43463
-1.19771
1.23861
-0.557714
-0.687938
-0.617916
0.883082
-1.38907
0.799785
0.0698302
-0.180899
0.0960219
-0.210139
0.465661
0.592971
0.777293
-0.572966
-0.786285
-0.919898
0.376626
-0.614911
0.160831
2.80095
0.778815
-0.596841
-1.02066
-0.410451
-0.54726
0.140151
-1.4546
1.6112
-1.17285
1.14535
1.71655
-1.66141
-0.474445
-0.881125
0.169848
-1.71234
0.0391281
1.06353
-2.20799
-0.840226
-0.71961
0.37895
0.915497
1.21651
-0.228573
0.869027
-0.425562
-1.10656
-1.43257
-0.911248
-0.651917
0.172373
-0.279398
0.101938
1.33145
-0.805526
2.39507
-0.467564
0.161673
-0.239694
-0.0496374
0.024392
-1.88591
-0.047775
-0.366364
0.557278
0.75544
-1.04425
-1.02249
-0.43978
2.07476
0.107278
-1.03019
-0.93679
-0.322548
0.589633
0.320979
-0.0869043
-1.68677
1.13776
1.70493
0.477162
-1.07094
0.186119
0.0901291
0.212601
-0.00764259
-0.252847
0.257547
-1.11305
-0.40064
-1.69623
1.29232
0.242148
-1.52847
-0.45345
-0.310973
-0.00920686
0.00978058
-1.28651
0.070667
0.78514
0.574614
0.445694
-1.41942
0.297625
1.2067
-0.717783
0.15945
-2.58391
0.429451
1.24224
0.68833
0.632894
0.57214
-0.754745
1.62858
1.66196
1.3897
-0.470866
-0.354999
0.708598
-1.0579
-0.36987
-1.46887
1.01383
-1.01794
1.31293
-1.17325
-1.35904
0.212987
-0.817264
-0.337272
1.19899
2.50961
-0.555051
-0.741281
-1.38131
0.70628
0.728331
-0.24658
-1.11602
0.539472
-0.260938
-0.290935
-0.335877
0.0498589
1.70149
-0.176415
-1.60858
-0.664459
0.450284
0.493332
0.291015
-0.687457
-0.465317
-0.851113
0.191837
-0.754647
1.55608
-0.681168
-1.55175
1.67311
2.25761
0.309671
-0.663109
0.0774212
-1.1698
0.660522
-0.448787
-0.432439
0.830515
-1.37231
0.84385
0.560681
-0.839691
-0.0611104
-1.09903
-0.961706
-0.381621
0.0174079
-1.22608
0.245181
1.06919
-0.494141
2.36266
1.21837
0.394692
0.154699
-1.20258
-0.371095
-0.180778
-1.10138
0.808725
-0.318152
-0.204677
0.091109
-0.362466
-0.764399
-0.701374
2.16773
-0.474474
0.699571
1.36405
-1.23658
0.499764
0.522813
-0.990098
-1.37958
0.54747
-1.4351
0.740038
-1.54687
-0.262952
0.558393
0.833311
1.02141
0.454767
-1.67228
1.35787
0.561922
-0.832367
1.56091
-0.590306
2.37919
-0.497281
1.05731
-1.25538
-1.98405
-2.02814
-0.201795
-0.734332
0.927738
-0.704124
-0.132211
-0.525506
1.88163
1.15122
1.42
-1.33278
-1.41237
-0.0715204
-0.397972
1.46991
1.21939
0.443585
-1.56314
-0.374446
0.987862
1.2322
-0.140898
-2.38121
-0.961346
1.06896
0.581097
1.07403
1.77362
-1.25228
0.607836
0.213116
0.64206
1.04337
-2.05828
-0.145216
1.06782
2.62164
0.749771
-1.6043
-1.51054
1.55845
-0.388342
0.642801
-0.327772
-1.13154
1.6432
2.39242
-1.33301
-2.1719
0.632316
-1.28678
-1.99471
-0.197026
0.216179
-1.43022
-1.06672
0.275516
-1.45242
1.86901
0.456034
1.53837
0.596149
-0.401247
0.47804
0.471252
0.124237
-1.12649
0.785237
-0.537518
0.666702
-1.90803
-1.6792
-0.479181
-2.64573
-0.329113
-0.961109
-0.915558
-1.99326
0.0145175
-0.167054
-0.884694
0.706851
-0.962913
0.534164
1.22745
-0.428351
1.06468
-0.844745
-2.24479
0.9227
-0.834804
1.97942
1.96127
0.201426
-0.551355
0.554854
-0.439167
-2.0439
1.32015
-0.151357
0.898582
1.01176
-0.604776
0.187139
1.44349
-0.0981889
-0.374319
-0.73327
0.062843
0.944578
0.507961
0.815253
0.65612
0.306194
-0.542762
0.97139
-0.108786
-1.04137
1.0504
1.93445
0.496085
-0.256498
-1.41181
-1.58814
-0.286989
0.563869
0.139598
0.327725
2.0555
1.3304
0.170861
-0.385072
-0.709821
1.29905
0.337298
-0.17055
0.195841
2.54956
0.265798
-0.0344269
0.39719
0.34482
-0.638106
-0.986835
-0.438129
1.03214
-0.582866
0.995776
-1.24959
1.58565
-1.6977
-0.950139
1.08219
1.92067
-0.549099
0.0206756
-0.370255
0.220306
0.795472
0.9248
-0.43507
-1.35796
0.117602
1.68731
-0.398149
-0.53405
0.311729
-0.216564
-1.50412
0.418453
0.0177518
0.894656
0.143787
-0.147713
0.82652
0.219255
-0.272095
-0.94092
0.12523
-0.379403
-0.0280568
0.64749
-0.635945
0.174439
-0.377246
-0.381694
-0.74704
-0.936418
-1.53919
-0.31102
0.358829
-1.33382
1.93927
1.3181
-0.326712
0.486748
0.459553
-0.993427
0.591477
0.353767
0.265483
-1.19148
-2.125
0.665041
0.868063
0.403421
0.32971
-0.177976
-0.293128
0.779779
0.266916
0.769122
0.106994
1.23516
-0.491988
-0.454296
0.510118
1.18686
0.680778
-0.176886
0.539274
0.348996
0.353047
0.985694
0.0417727
-0.273911
-1.14519
-0.324897
0.0116822
-0.892332
-0.238025
0.832156
1.15914
0.0614664
-0.632529
-0.574555
0.423899
-1.04311
2.3022
-0.604402
-1.7709
1.26578
1.40679
-0.982159
-0.915143
0.535107
2.11833
-1.07986
1.04963
0.319279
0.374144
0.171192
-0.691165
-1.76659
2.08707
-1.77267
-0.257087
0.714685
-2.40274
-0.930051
-0.336145
-0.395308
0.935005
-0.488919
-0.828725
0.453266
0.068036
-2.13519
-0.410584
1.37721
0.164993
-1.57756
-0.130379
0.980686
2.71367
-0.23243
-0.735175
-0.378229
0.780925
-0.376591
0.410371
0.181445
-0.961486
-0.617253
0.711688
0.528149
0.0186182
-1.47247
-2.15063
2.06302
-0.103295
-0.243989
-0.964097
0.281919
1.1768
0.425166
-0.15043
1.89696
-0.471247
-0.810115
-0.0631943
-1.51826
0.668974
-0.070493
-1.10446
2.23184
-1.22109
-0.0231433
0.599945
-0.195461
2.05377
-0.798848
-0.477367
0.409353
-0.419218
-0.424392
0.23646
-0.336879
1.74935
0.321032
-0.695155
-1.63665
-1.27547
0.239973
-0.784548
-0.384884
-0.856694
-0.240395
1.07534
-0.495678
1.97519
-1.23099
-0.0621571
-1.11385
-0.532798
-1.73325
-0.55923
-1.40077
1.56218
-1.10016
-0.210231
-1.2828
1.30232
-0.216354
-0.0762064
0.383534
-0.227833
0.419897
1.16716
0.893389
-0.00802901
0.333245
0.716127
1.09991
-0.858489
-0.474935
0.147909
0.666861
0.950089
-1.34842
-0.447723
-0.483422
-0.020158
0.391203
-0.0145
-0.312709
-1.41504
0.930954
-1.62762
0.169325
1.15839
-1.54671
1.90288
2.39971
-1.06813
-0.151461
0.911935
-0.0621864
-0.0965343
2.15004
0.232696
0.981853
0.867672
0.287727
-0.577191
-0.655011
-0.328484
-0.690978
0.229282
0.44043
1.35479
-0.224728
1.77367
2.19404
-0.792785
-0.544311
1.00355
-2.00697
0.33479
-2.43193
0.189561
-0.542377
1.03587
0.581677
-1.08217
2.88885
2.12024
-0.644927
-0.563433
0.769455
0.147364
-0.171699
1.26028
0.233623
-0.77871
-0.557504
1.78577
-1.35514
2.54536
-0.146991
1.20673
-0.4938
1.21609
-0.602411
0.346645
0.646347
2.08396
-0.820447
-1.21457
-0.191301
0.234342
3.11876
2.24556
-0.324339
0.942832
-1.29589
0.333769
0.507759
-0.771324
1.07882
-0.735388
-0.201592
-0.011955
-1.0663
-1.01557
-0.355819
-0.781173
0.465142
-1.59849
0.26639
0.258721
1.45901
0.731491
0.499831
0.356764
-0.139557
0.717214
-2.94696
0.0257494
-0.8158
0.357109
0.196499
-1.62405
-0.0794144
-2.38988
-1.13388
1.01594
1.03297
0.57035
-0.745771
0.212548
0.37549
0.678612
-0.74871
-1.7726
0.521255
0.836203
-0.0518671
0.440474
0.338722
0.255873
-0.415636
0.131105
0.237561
-1.39754
-0.5559
-0.988108
1.50003
-2.02955
2.6263
1.09817
0.902987
0.993698
-0.748141
0.824121
-0.0247739
0.951938
0.626326
-2.71474
-0.220878
-0.951601
0.0237542
0.481148
-0.501122
-0.169905
-0.605279
-0.697832
1.92061
0.54508
1.17273
0.379152
0.38539
1.67953
0.245701
-1.13818
-0.281583
-1.93734
-1.05214
0.794988
-0.674037
-2.16265
-0.141375
-0.99614
-0.668458
0.606633
1.09394
-0.122245
-0.161026
2.18146
0.459739
1.01726
0.755501
1.04407
-1.65654
0.0190296
0.824665
-0.4034
0.0182639
1.61759
0.0304785
1.55388
-0.622475
-0.952156
-0.722536
0.52174
2.10945
-0.252549
1.35888
1.72732
0.55271
-0.119687
0.603329
-0.345199
1.21249
-2.71258
-0.931977
-0.0165121
1.88182
-1.07791
0.880724
1.44439
1.1968
-0.461855
-0.443907
-0.218904
-0.530718
0.121561
-0.801324
-1.97872
-1.22121
-0.064065
-0.0141178
-2.29526
-1.32183
-0.382066
0.95331
-1.33163
-2.27327
2.37174
0.00285213
-0.906255
-0.583731
-1.52859
1.27338
0.567347
-0.375086
-2.26134
-0.969291
-0.405363
-0.303503
0.140115
1.03424
-0.7931
1.04201
-0.626202
-0.417686
-1.296
0.895747
0.467603
1.62282
-0.452209
-0.169119
0.772946
-0.302965
-1.13321
-0.0712848
-0.172934
-0.693892
-0.476443
-0.22524
0.698238
-1.03682
-0.613873
1.12062
1.20445
-0.159693
0.181526
0.0521164
0.624871
0.792715
2.18656
-0.420041
0.753753
-0.764678
-0.691783
-1.76774
1.21355
-1.00508
1.83009
-0.270677
0.638196
-1.46845
0.0740343
-0.985577
-1.16413
-1.23261
-0.772025
-0.319176
1.40868
1.57139
0.994678
-0.0292701
-0.367974
-1.29337
-1.90841
-1.07664
0.590931
0.219992
-0.320675
1.18386
-0.197777
2.75235
0.588142
-1.84685
-0.522255
0.427821
-0.0629127
-0.966655
1.05578
-0.795771
0.752637
-1.25866
-0.145176
1.5711
1.02891
-0.28053
-0.365242
0.858224
0.672225
0.922099
1.74339
0.443331
-0.601261
0.0769248
-0.0867466
-0.132656
0.463916
-1.61446
0.394689
-0.353241
0.641632
-1.27953
-0.447686
-0.955329
0.928944
0.743682
-0.906299
0.466868
-0.334959
-0.348447
2.79753
0.255603
0.194518
0.4514
0.131453
1.15242
1.23941
-0.718863
2.63638
-0.206933
-0.557067
-1.37747
1.44738
-0.162566
-0.609605
-1.08221
-2.97268
-0.786067
0.157056
-0.100236
1.21125
0.669117
1.0453
0.164547
0.451421
-1.77803
-1.20294
-0.444036
-0.173816
0.469569
-0.868353
-0.0512859
-1.66372
-0.00311641
-1.27235
-0.483276
-0.48879
0.705947
-1.37997
1.06515
0.182105
-0.337993
-0.696901
0.913846
-0.0800688
-1.43317
0.0390794
-1.02479
-0.270678
1.35419
-1.27217
-1.31683
0.0339322
0.588308
-0.025552
0.242195
-1.35207
0.182527
0.149607
-0.342727
0.799991
0.201805
-1.45407
-0.020429
-0.0287927
-1.02561
-1.29726
1.94549
-1.72342
0.316447
-1.19732
-0.959181
0.823668
1.32577
0.500699
1.01308
-0.430274
1.51136
-0.359278
-1.1027
1.58384
-0.946016
-0.598442
-0.117409
-0.0746426
-0.338419
0.0355525
-0.109774
-0.853247
-0.51702
0.650671
0.0813567
-0.36911
-0.4897
0.0874458
2.07791
-0.767885
0.946448
-0.387051
-0.351375
-0.217836
-0.565158
-0.434742
-0.643077
-1.06995
-0.796927
0.964115
-0.11982
0.436618
-0.797901
-0.0594106
0.211178
-0.156691
-1.33185
-0.166766
0.6958
0.151072
1.60285
0.410391
0.104288
0.561753
-0.00428295
0.773345
1.84038
-0.619291
-0.180794
-1.981
0.721983
0.57107
1.04364
-0.112026
-1.41262
1.60958
-2.57033
-0.58675
-0.514965
-1.24885
1.38785
-0.160095
0.781194
-0.830762
-1.39227
0.0576031
-0.298926
-0.906319
0.000435275
-0.791468
-0.849728
2.21224
-1.23521
0.439226
2.47445
-0.105887
-1.7456
-1.97465
-1.15995
-1.14724
0.157809
0.284991
0.25403
0.0970227
-0.390497
-1.29131
-1.84918
-0.148061
0.0929035
-1.01585
0.563032
1.0509
-0.546646
0.414451
-1.10388
-0.0179637
0.112048
-0.758471
1.17412
-0.612267
0.23941
0.455953
-0.350775
0.314223
-0.239939
-1.1549
0.993377
-0.0725693
0.174145
-0.428983
1.34896
0.923638
-0.972042
2.35439
-0.792318
-0.241963
0.597194
0.0476198
1.12215
2.76703
-0.164728
-1.45157
-1.50738
0.928573
-0.196107
0.351533
-0.434668
1.22206
-0.513426
0.332402
0.620567
-0.0516609
0.972003
-0.102887
-0.165949
0.754762
-1.70901
-0.0976159
0.823695
-0.66828
0.729657
-1.10555
-0.0867635
1.09752
-0.437747
0.311609
0.682359
1.03377
-0.154861
0.317844
0.868591
0.0195887
-1.5874
-1.15246
0.367709
0.525244
-0.13965
0.211689
-0.81972
0.200173
1.09656
0.735952
0.254679
1.40705
-1.25932
0.604907
0.53681
-0.350781
0.670445
0.493066
-1.01303
0.655893
0.734164
-0.130976
1.82955
0.717719
-0.210006
-0.0577999
-1.35523
-2.63231
-0.0347094
1.27513
-1.34443
0.726478
-0.146411
-0.25338
-0.166692
1.20172
0.559489
-0.785392
1.04008
-0.735093
1.12174
0.375977
-0.415655
-1.05534
0.376995
-0.0365063
-2.03901
0.757752
1.10041
-1.12346
-0.875044
0.47898
-1.20899
-0.135577
0.116428
-0.0850624
0.651116
1.52617
0.893953
-1.24801
1.84812
-0.325911
0.634567
-1.20749
0.312886
-0.709991
0.0177409
-0.258596
0.547437
1.70817
0.713544
-0.361744
-0.754363
-0.825377
0.997674
1.08142
0.0623723
-2.22608
1.08729
-0.278907
0.983443
-0.319057
-0.148472
-0.944264
1.45222
-0.479318
0.72592
0.102665
0.699264
-2.23839
-0.510276
0.732167
1.1823
1.08026
1.73144
0.382731
-0.0246426
-0.306497
0.415866
0.884583
-0.405752
-0.120485
1.09587
0.076326
0.656224
1.05874
1.60019
1.26418
-0.964775
-1.31918
1.61741
-0.768349
1.12503
0.355928
0.729315
-1.90445
-1.15642
-0.837116
1.11691
-1.32192
1.82037
-0.0918388
1.69341
-0.0941231
0.980294
1.5583
0.951964
-0.935666
0.0694062
0.585996
0.405906
-0.189141
0.170982
-1.37708
1.55669
0.224288
-0.704138
-0.442692
-0.420369
0.34299
-0.232874
1.21692
-1.00431
-0.263587
-1.23802
0.130578
0.599328
-1.55336
1.04769
0.725212
-2.18061
-0.107577
0.59721
-0.196804
0.344613
0.833621
-1.03516
-0.0493938
-1.05187
1.17707
-0.762674
-0.565448
-1.05338
1.35421
-1.86948
0.451999
-0.373422
1.21088
-0.145954
0.778976
-0.289001
-0.923024
-1.06006
-2.27438
-0.514625
0.71002
0.531614
0.249784
-0.994555
0.122936
-0.702011
-0.0875937
0.64826
0.17411
0.636045
0.281786
2.47222
-0.426274
2.07159
0.51243
-1.06323
0.153308
0.455302
-0.867327
-1.43043
0.533708
1.49726
-0.998228
1.41469
-0.957096
-1.76521
-1.39844
0.202817
0.610352
-1.84086
-0.516066
0.270587
-0.527343
-0.848321
0.939486
1.93606
-0.133756
-0.897466
-0.0922028
-1.40926
-0.749662
1.17548
0.18049
-0.0922591
-0.984289
-1.72404
-0.0706757
0.575972
-0.307681
-0.977736
0.173106
0.918108
0.345326
0.721541
0.68888
-1.29303
-1.34201
0.120894
0.399335
-0.68589
-1.67374
1.727
0.673672
-1.30263
-0.732532
0.635267
-0.367489
0.858751
-0.583108
1.11032
-0.183686
0.882533
-1.48901
-0.832763
-1.46721
-0.947985
-0.00352789
-0.669081
-0.00402452
0.385386
-0.112865
0.513699
-0.714622
2.32217
-0.400243
-0.700538
-1.49758
-2.06351
2.11622
-0.253887
-0.527107
-0.216146
-1.54753
0.26162
0.189324
0.191615
-0.274757
-0.371375
2.13787
-0.0170662
-0.15302
-0.0495191
1.18407
0.054134
-0.422194
-0.348263
1.82429
-0.818921
-0.998328
0.0144939
0.575542
0.996568
-0.0570348
0.221137
0.30559
-0.497865
0.897831
-1.38571
-0.187008
0.787465
0.648465
-0.277526
-0.743132
1.54631
-0.0998587
-0.490375
-1.016
0.635004
0.110374
-1.95145
-0.416185
-0.933505
-2.59947
-0.619106
0.0883126
-0.762764
0.104292
-0.946961
0.00830896
0.600369
0.15403
-0.9602
0.310067
-1.42466
0.72703
0.516935
-2.13146
0.869176
0.21418
0.894559
-0.272691
0.724515
0.3082
0.36441
0.707188
-0.147233
-1.45121
-0.491626
-1.21481
0.440079
-0.844795
1.26513
-0.10605
-0.057105
-0.417576
-0.190986
0.531437
0.655968
-0.410289
1.28447
-0.780003
-0.800534
1.47305
-2.32147
0.228172
1.19279
-0.764722
-1.70525
1.31959
0.677276
1.1809
-0.359763
-1.00305
-0.609036
0.115545
-0.931084
1.41586
-0.325584
0.374415
0.682258
-0.983825
1.62823
0.960393
-0.707457
-0.900731
-0.301984
0.663992
-0.229579
-0.0474329
0.562026
-0.00472533
-0.0344597
-0.00346837
0.422699
0.915351
-0.482572
-0.0347145
0.117495
0.500917
-0.677707
-0.880664
-1.07481
0.107486
1.36617
0.93991
1.0932
0.344426
0.271534
-1.96122
0.833729
1.05378
-0.40794
-0.264023
1.3675
-1.48095
0.24789
-0.639134
-0.807173
1.28533
-0.262534
0.217498
-0.509105
0.331099
0.0565064
-0.0531177
-1.3876
0.789905
1.75469
-1.66643
-0.318995
0.00466419
0.527046
-0.636825
1.43116
2.34988
1.53508
-0.69225
-0.177773
-0.527499
-1.46717
-0.981558
-1.56485
-0.340985
2.51009
-0.104032
-0.158592
1.24146
-1.39902
-0.816669
-0.311182
1.00718
-0.600387
1.06122
-1.17957
-1.62601
-0.693314
0.797204
0.198369
0.0181447
3.01638
1.56697
0.240646
-0.570931
1.50102
0.836073
-1.84882
1.21717
0.47338
-1.47885
-1.36221
0.672522
-0.947519
1.31339
-1.69283
-0.407916
1.45589
1.52769
-0.245178
0.0217658
0.251053
-0.344999
1.23295
0.0482375
-0.736824
1.58331
-1.38329
-0.288723
-0.645286
-1.75314
-0.433147
0.059537
-0.169019
0.963632
1.63314
0.608545
1.19144
-0.498107
2.6272
-0.755135
0.854189
-3.1152
0.262822
0.501497
-0.805625
0.346177
-0.779654
0.168071
0.744355
1.27016
0.332548
-0.178572
1.2823
0.47948
0.995167
1.54244
0.143742
-0.174632
0.32872
-1.96428
-0.984631
1.39849
1.09051
-0.713828
0.335731
-0.299844
-0.420806
-0.145365
0.602372
-0.325042
-0.209482
-0.875585
1.30575
1.80705
-0.0802573
1.44632
0.409362
-0.0895065
-0.0408235
-1.306
-0.715328
-1.0843
-1.61199
2.37513
-0.533373
0.390456
0.665786
-0.262711
-1.24889
-0.0252105
-0.531265
-0.266068
1.67722
0.905617
-0.154784
1.1122
1.08719
-0.521658
1.80523
0.480479
0.136731
-0.321945
0.320977
-0.352961
1.12261
1.01096
-1.44565
1.42904
0.630307
0.892309
0.126226
0.54215
1.41111
-0.0530994
0.446729
-2.32779
0.678087
-0.055481
0.562147
-0.799688
0.321537
0.359693
-2.27537
1.23888
-0.370487
-0.663847
0.672577
-0.392782
-2.11747
-0.603451
-0.419088
0.170871
-0.517756
1.65976
-0.445482
0.369316
-0.448413
1.96251
-0.526265
1.15401
0.304102
-0.802752
0.898275
0.0476865
-0.33277
0.111426
2.66549
0.165153
0.214061
-1.07745
-0.0295194
0.300498
-0.297783
-1.26947
0.239268
-1.22964
-2.36948
0.376667
-0.993793
0.863513
1.23059
0.372659
-0.110636
-0.10393
0.821356
-0.526475
-1.5215
0.289845
-0.0361019
-0.894714
0.882542
0.520094
-0.609793
-0.23073
-0.495506
-1.45529
0.671121
-0.801345
0.00553297
-1.43641
-1.04421
1.11748
-1.61615
0.435689
1.11218
0.806346
-0.979057
-1.69762
1.56702
-1.40229
0.650007
0.580459
-0.541152
-0.94215
-1.05154
1.11248
1.39468
-0.750471
-0.479972
0.867894
0.576281
-1.26323
-1.39327
-0.452011
-1.94754
0.67157
-1.36989
0.229019
-0.244277
0.0736194
0.753165
0.552629
-0.559096
-1.04731
-0.254171
-1.04327
-0.349093
0.890016
0.361029
1.60672
0.712386
-1.14661
1.78096
-0.336829
1.4968
-0.851005
-0.568504
0.767373
-2.34468
-0.825289
1.21863
-0.777465
-0.501589
0.0609406
-1.51847
0.398841
-0.713032
-0.327006
0.605651
-0.906398
-1.66413
1.78123
0.798685
-0.201046
-0.0628595
-0.90349
1.83116
-0.380035
-1.12128
-0.79113
0.208258
2.19282
-0.00398018
-0.407004
-0.325058
0.712496
1.80547
1.18466
-0.277007
0.408721
-1.50754
-0.964701
0.865475
-0.512799
-1.72124
1.00145
-1.32953
-0.171232
-0.589318
0.388215
0.456074
-1.01261
-0.400444
0.137295
0.705778
1.05318
1.22321
0.0963476
1.59681
-1.3847
-1.22714
-0.306813
0.243142
0.445103
0.714337
0.377981
0.280828
-0.593182
-0.515738
0.73765
0.881687
-1.14512
0.744812
0.24896
-1.39405
1.94807
0.167521
-2.80578
0.0976242
1.08266
0.997326
1.51381
-0.371293
0.501739
-0.559895
-0.73929
1.38658
-0.934916
2.19849
0.105442
1.92337
0.0558099
-0.695766
-0.332133
0.139789
-2.47682
-0.298657
0.45655
0.203638
-0.44174
-0.295439
0.980783
0.483242
-0.70388
1.02711
-0.31417
-0.0831119
0.120825
-0.471278
-0.805793
-0.548784
0.632884
-0.242139
1.50915
-0.123019
0.989405
0.692402
-1.26625
1.91549
1.37773
0.288611
1.07132
-1.21192
-0.476986
-0.752886
0.198981
-0.966036
0.233983
-0.106466
-1.74996
-1.26626
-0.460677
-1.58481
1.64959
-0.566438
0.298186
-0.608052
-0.702148
-0.041159
-1.53008
-1.41697
0.586018
0.719505
-1.72964
1.45292
-0.121347
2.47762
-0.392583
-0.556565
0.692893
0.147781
0.898263
0.418234
-0.417708
-0.000526381
0.00199954
-0.302492
-0.321206
0.57094
-0.752831
0.507151
-0.385244
-0.158656
-1.09373
-0.599339
-0.6459
-0.448477
0.791438
-1.41513
1.79338
-0.640351
1.92742
-0.559222
-1.10748
1.80483
1.59386
-0.764161
0.305368
-1.13992
0.983573
-0.345847
-1.09778
-1.84645
1.35362
0.911415
-1.15245
0.541451
0.29085
0.35838
-1.67142
0.761653
0.693948
-0.639736
-0.876492
-0.860207
0.908643
-0.719733
-0.203879
0.589973
-1.4939
-0.80737
-0.658258
0.892226
1.64369
-0.0849088
-0.13991
-0.719031
-1.02321
-0.225571
1.02444
1.09633
0.893549
-0.273682
0.369796
-0.348674
0.183359
-0.808141
1.40389
-0.823128
0.733361
-3.02245
-0.689106
-1.22531
-0.213769
0.425739
-0.459685
-2.19292
-0.589783
-1.66153
-1.05832
-0.672957
2.00958
0.429312
2.3556
-2.00006
0.627311
-0.288223
1.15699
-0.336723
-0.249334
-0.515988
0.317249
-0.51335
-0.891097
-0.452426
-0.166882
-0.404201
-0.122416
-0.139513
-0.413112
0.387177
-0.025685
0.648962
0.135036
-1.52566
-0.635524
-3.87138
-0.629649
-0.144686
0.431763
1.36203
1.56019
-0.0584568
-0.173248
-0.909175
0.837455
-2.76238
-0.75281
1.63858
0.553645
0.250201
-0.603729
0.0638823
-1.04651
-0.218378
-0.700195
-0.866209
0.287688
-0.198709
-0.326427
-1.46963
0.894298
-1.93533
-0.271485
-1.09734
0.294398
1.3153
-1.33701
-0.223328
0.225133
0.585057
-1.13069
0.877157
-0.170182
-0.41585
1.75137
1.32162
-0.0548299
-1.11269
-0.596724
0.147911
0.895165
-0.179716
0.44791
0.61038
-0.801363
-0.335953
-0.830311
0.0542423
0.993436
-0.868862
-0.198761
2.19684
0.50218
0.463628
-0.709674
-1.4785
1.2317
-0.412647
1.16435
-2.13804
0.448627
-0.256954
-1.08583
-0.544805
-0.900427
-0.511753
-0.72155
0.754053
-0.952193
0.0650563
-0.0608323
0.710568
0.448414
0.973627
-0.0616987
1.67742
0.573197
0.0350377
0.355635
-0.0207135
-0.140721
-1.9783
0.325896
-2.14095
0.379454
0.102728
1.11114
-0.621141
-0.838887
0.376505
-0.741383
-1.1636
-1.33421
0.205712
-0.972222
-0.128149
-1.55827
-1.22498
0.0789127
1.33876
0.208747
-0.351727
0.775178
0.916179
-0.690652
0.184137
-1.53945
-1.03728
-1.27437
-0.629342
-0.00505107
-0.980444
-1.44745
-1.37227
-1.87847
-1.52694
-0.0659556
0.173526
-0.180271
-0.399712
0.77189
2.40838
1.0462
0.16327
-0.0367099
-1.38137
0.993438
0.43268
-0.854918
-2.22209
-0.757174
0.323512
0.0586458
-1.40363
0.0584025
0.362513
0.186989
0.201113
0.963525
-1.02769
0.298524
-0.815885
0.381041
1.67509
-1.24958
0.0187287
-0.95205
1.41519
-0.743392
-0.192691
1.89502
0.688375
1.7071
-0.0146281
-0.0727067
-0.966564
0.249524
0.41175
-1.31711
1.28783
0.576989
0.302124
-1.4731
0.159592
0.0431606
0.267235
0.215257
0.176933
-0.3911
-0.340101
-1.45043
0.286299
0.470946
1.62685
0.592479
-0.077997
0.0162248
2.00285
-0.264344
2.17898
0.422751
1.18347
0.433698
0.124026
-1.18863
0.836469
0.576544
0.518172
0.010988
-1.35858
0.835349
0.379393
0.498179
-1.36246
-0.37202
-0.750519
0.194862
1.47802
-1.12963
1.00884
0.980034
1.44762
-0.530545
0.3581
0.103367
0.904562
0.252802
0.0979353
2.07727
-1.28468
0.0504489
0.755842
-1.41509
-0.247584
-0.461306
-1.19778
-0.634923
-0.741481
0.505771
1.2397
-0.648222
-0.287562
0.05581
-1.47549
0.188033
-0.642279
-0.327538
-0.476971
-0.63876
0.273984
-0.949524
-0.984627
-0.629807
0.0945237
2.30362
-0.463425
0.376031
-2.39578
0.47865
0.558282
-1.78302
-0.129801
-0.416778
0.975998
-2.55362
0.448788
0.0251736
0.999437
1.43276
1.07989
0.190263
0.730047
-0.126222
-0.458746
-1.10705
0.00395314
-0.0514915
-2.81066
-0.420368
0.0671876
0.886277
-1.08355
-0.519062
-1.24731
0.373861
-1.37653
-1.32308
-0.578929
0.926143
0.253569
-1.24825
-1.21636
0.864047
0.493031
-1.48042
0.206378
-1.56911
-0.437496
0.0367936
-1.71931
-0.479903
1.23347
-0.291652
0.290691
-1.03142
1.2424
1.53258
-1.17828
1.07358
-1.87403
0.547578
0.537272
-0.0475603
1.39076
0.0613082
0.143908
0.059633
0.808863
0.748317
0.552427
-0.99347
-1.14969
-0.409189
0.104751
-0.752411
0.836592
-2.35431
-0.940278
-0.113042
-0.722263
-0.0313504
0.0261075
0.797171
0.692286
1.74561
1.78407
1.02436
1.08643
-0.547712
-1.19356
-0.253043
-0.390175
0.52453
2.12073
-0.0867047
-0.101534
0.993025
-0.423408
0.25416
1.07851
0.186765
-0.418301
0.178966
-0.537657
2.26499
0.282074
1.59682
0.561777
-0.8644
1.60997
-0.860031
-0.711726
-0.882593
-0.0343886
-0.023829
0.274741
-1.79969
2.69736
0.658011
-0.822739
0.465919
-0.403686
-0.270012
0.30226
-1.19403
-0.497504
-0.355613
0.56679
-0.0522334
-0.0810198
-0.129655
-1.40298
-1.35623
-1.20674
1.85233
1.23943
0.0174834
1.23862
0.240228
-1.27327
0.939751
1.0024
1.13259
-0.563573
-1.30741
-1.73799
-2.67275
0.481954
-0.747193
0.227148
1.9018
-1.13261
0.714426
1.02484
-0.897819
1.26499
-0.565237
1.39365
0.537597
0.286251
-1.80334
-0.232265
1.05444
0.119516
-0.289485
0.0431504
2.01398
2.24652
-1.33475
0.175206
0.834441
-0.735108
-0.526899
-0.791552
-1.5619
0.25457
1.05151
-0.445786
-0.25431
0.867523
-0.48121
-0.502755
-0.435422
0.590873
-0.798733
-1.42478
0.585067
-2.21603
0.7897
0.19316
1.48973
-1.82347
-0.603614
-0.260594
0.50627
-1.83553
0.889377
-1.28107
0.316547
-0.0740438
-1.25551
-0.322061
2.29057
-1.02398
-0.754991
-1.07923
-0.00309054
-1.20036
-1.10314
-1.1537
1.04311
0.0426523
0.116357
-0.586194
-1.9932
-0.415711
-0.545845
0.806412
-0.645321
1.49696
-0.00842343
-0.454042
1.42192
-0.0746115
0.293081
0.593827
-0.384925
0.513627
0.92022
-1.57377
0.136763
-0.359754
-1.88482
0.013111
0.509294
1.23404
-0.0952003
1.24709
1.86951
0.699267
-0.835673
-0.0264185
0.176479
0.0584611
0.363729
-0.13437
0.150067
2.15349
-1.02027
-1.36944
-1.55943
-0.37887
-0.16002
0.266981
0.100432
0.0834411
0.280953
1.72283
-0.626079
0.357266
2.70663
-0.0420809
-1.54023
1.80483
0.600405
1.41366
0.471119
-0.399766
1.79803
0.902424
1.57487
0.933144
0.466509
1.66275
-1.77716
-0.656438
0.994256
-0.0125088
0.119211
1.29082
-1.18227
-0.13743
0.593487
0.830847
0.344881
-0.295354
-2.40771
-0.615672
0.241063
-0.277075
0.075875
-0.672046
0.883078
0.117875
0.410452
0.0167603
0.441408
-0.158813
0.0676166
-1.41565
-0.00102493
-0.351382
0.294961
0.0436511
0.831066
-0.201311
0.678185
-0.120062
-0.124556
-2.05486
0.0259629
1.64432
-0.730836
-1.00905
-1.39677
0.726796
-0.401319
0.112077
-0.402447
-0.721897
-1.74584
0.405398
-0.0236307
0.0973321
-0.905412
-0.643446
-0.0115201
1.10991
-0.750475
0.396201
0.0772948
0.975904
1.482
-0.227162
0.351387
0.069427
0.629952
-0.68727
-1.46882
-0.783058
-0.941082
-1.12406
-0.240233
-2.49161
0.0842676
-0.702873
1.81479
-0.381019
0.438532
-0.810594
0.0403437
1.43615
-0.878886
0.376638
0.315298
0.162698
-0.393111
-0.0685295
-1.24531
0.695612
-1.55022
0.397756
-0.0466108
0.491024
0.770732
0.43706
-0.617356
0.117882
0.549295
-0.42256
0.352583
0.151854
1.18698
-0.235391
-0.948407
-1.30608
0.130866
-1.09305
0.583893
1.21002
0.501719
-0.358331
-0.428987
-0.471322
-0.748608
0.499413
2.00454
0.240043
-0.812483
1.28649
-0.548201
0.111337
-1.07824
0.57452
-0.60314
0.0995844
0.923329
-1.31144
0.350765
1.18189
1.05785
0.6208
